Date,ProductID,StockReceived,StockSold,StockOnHand
2023-09-14,1,475,127,348
2023-02-11,2,487,243,244
2021-11-12,3,341,188,153
2021-11-15,4,500,124,376
2023-04-22,5,429,351,78
2022-12-08,2,79,61,18
2023-09-13,6,339,296,43
2023-07-19,7,305,53,252
2023-08-20,8,440,338,102
2023-07-15,9,260,254,6
2023-09-25,10,238,161,77
2022-05-06,11,121,13,108
2023-09-19,12,290,147,143
2022-10-19,13,319,94,225
2022-08-30,14,232,3,229
2023-01-25,13,250,130,120
2022-11-02,15,214,113,101
2023-07-29,16,412,41,371
2022-02-09,17,295,93,202
2023-04-25,13,356,147,209
2022-10-06,18,457,133,324
2023-09-20,19,346,269,77
2023-05-17,20,321,104,217
2022-04-19,21,210,10,200
2022-03-11,22,457,181,276
2023-03-15,23,253,65,188
2022-07-20,22,409,46,363
2023-07-03,24,486,26,460
2021-11-12,25,209,47,162
2023-04-05,26,100,40,60
2022-01-12,27,327,170,157
2022-01-22,28,427,169,258
2022-11-22,29,58,38,20
2022-03-25,30,349,161,188
2022-10-04,31,225,192,33
2021-10-27,32,312,194,118
2023-01-28,33,160,157,3
2022-01-13,34,147,69,78
2022-04-10,3,322,259,63
2021-12-10,26,154,35,119
2021-11-20,35,55,26,29
2022-02-16,36,438,22,416
2022-12-07,18,280,134,146
2022-11-09,37,223,168,55
2022-03-08,19,441,107,334
2023-06-10,11,143,42,101
2022-12-04,27,154,151,3
2022-12-13,10,479,105,374
2022-07-17,38,210,18,192
2022-10-31,24,142,20,122
2022-03-28,39,211,51,160
2022-11-05,40,427,49,378
2023-01-19,41,422,187,235
2021-11-18,15,471,357,114
2023-05-03,42,500,355,145
2022-12-11,43,157,35,122
2023-01-13,44,394,346,48
2023-05-16,45,330,100,230
2023-09-12,45,175,163,12
2023-03-29,24,260,158,102
2023-06-04,43,491,140,351
2022-01-28,31,254,116,138
2023-03-21,8,67,52,15
2023-05-08,46,484,395,89
2023-06-11,47,374,177,197
2023-06-01,29,193,102,91
2021-12-22,48,220,73,147
2023-01-14,49,286,222,64
2021-11-17,26,332,223,109
2022-07-21,22,125,6,119
2022-07-05,50,481,72,409
2022-05-13,51,281,111,170
2023-08-09,8,202,38,164
2022-06-30,52,71,11,60
2023-06-20,53,372,189,183
2023-03-10,54,66,35,31
2023-05-12,15,264,200,64
2022-01-05,7,332,301,31
2023-07-02,41,128,40,88
2023-02-16,11,432,346,86
2022-08-27,44,112,82,30
2022-11-09,55,487,104,383
2023-09-09,56,224,211,13
2023-01-30,57,243,235,8
2023-06-26,13,144,44,100
2022-10-17,24,282,191,91
2022-10-07,11,496,214,282
2023-04-22,58,484,281,203
2023-08-04,18,225,138,87
2023-06-19,5,474,5,469
2022-09-15,56,483,102,381
2023-03-01,49,405,114,291
2023-05-14,8,340,34,306
2023-03-29,17,134,43,91
2023-09-25,19,221,159,62
2023-05-12,59,365,122,243
2022-10-12,27,463,121,342
2023-01-18,60,417,272,145
2022-12-30,61,55,40,15
2022-07-22,62,381,78,303
2022-07-02,17,71,37,34
2023-03-22,18,400,90,310
2022-08-22,63,106,24,82
2021-10-18,43,358,162,196
2023-06-11,64,104,92,12
2022-06-23,65,247,43,204
2023-03-28,66,488,459,29
2022-12-21,60,411,304,107
2022-08-28,41,140,114,26
2022-03-01,8,293,126,167
2021-10-31,67,175,99,76
2022-12-31,29,500,380,120
2022-06-02,16,411,274,137
2023-03-26,5,151,115,36
2021-10-10,18,151,61,90
2023-02-17,43,362,212,150
2022-09-07,59,57,18,39
2022-03-18,49,414,305,109
2021-12-08,68,299,27,272
2022-07-19,4,396,272,124
2023-09-16,24,313,95,218
2023-06-12,30,311,28,283
2023-07-09,69,457,445,12
2022-07-09,70,148,98,50
2023-05-21,71,452,293,159
2022-09-12,72,276,107,169
2022-03-24,8,488,106,382
2023-09-26,73,380,137,243
2021-11-09,26,439,352,87
2021-12-15,60,302,29,273
2023-07-15,72,170,1,169
2022-11-14,57,266,29,237
2022-07-28,60,259,8,251
2022-04-18,56,73,31,42
2022-03-02,27,102,9,93
2023-06-23,39,422,159,263
2023-05-05,74,67,52,15
2022-03-24,56,284,240,44
2022-04-09,26,72,57,15
2022-06-14,75,131,57,74
2023-06-19,44,140,90,50
2023-07-19,76,415,83,332
2022-01-14,22,210,159,51
2022-09-29,13,486,358,128
2022-07-28,56,378,86,292
2023-06-28,13,263,101,162
2023-06-18,57,122,50,72
2022-04-11,59,372,76,296
2023-02-21,77,270,170,100
2022-04-22,42,371,62,309
2023-01-25,43,262,153,109
2023-05-01,15,369,313,56
2023-02-05,19,113,28,85
2023-09-06,19,216,164,52
2022-05-03,78,147,12,135
2022-11-22,27,291,153,138
2023-01-29,13,222,42,180
2023-03-16,4,228,38,190
2021-12-10,79,490,301,189
2022-10-24,80,440,54,386
2023-05-01,81,163,126,37
2022-04-18,51,369,165,204
2022-02-03,15,455,37,418
2021-12-24,46,121,23,98
2021-11-07,82,403,340,63
2023-03-02,83,333,156,177
2022-04-10,84,430,410,20
2021-11-19,8,258,248,10
2023-07-01,44,282,166,116
2022-01-21,27,312,5,307
2022-01-13,17,262,183,79
2022-04-04,18,439,31,408
2022-05-04,29,59,10,49
2023-04-07,85,354,131,223
2022-10-08,39,106,24,82
2022-03-29,4,460,426,34
2022-11-04,11,185,173,12
2022-01-07,56,420,31,389
2023-08-09,4,371,56,315
2023-04-13,44,222,208,14
2023-02-14,19,244,78,166
2021-12-11,43,93,29,64
2023-06-09,57,224,82,142
2023-07-03,26,267,157,110
2021-10-30,86,220,194,26
2023-01-31,19,207,197,10
2021-11-11,84,319,226,93
2023-01-26,87,392,189,203
2022-10-06,88,488,322,166
2021-10-15,43,307,288,19
2023-02-21,66,449,291,158
2022-12-10,27,118,51,67
2021-11-28,13,122,8,114
2022-01-25,17,380,221,159
2022-10-23,30,106,22,84
2022-10-27,18,143,66,77
2022-12-02,89,156,122,34
2023-09-02,90,380,251,129
2023-02-22,83,231,223,8
2023-02-24,39,289,71,218
2022-11-28,27,228,158,70
2023-04-01,29,387,335,52
2022-09-07,57,257,180,77
2023-04-25,64,92,8,84
2022-06-13,33,417,28,389
2023-06-26,91,157,36,121
2022-12-06,44,338,179,159
2023-09-23,22,239,62,177
2022-05-04,24,423,402,21
2023-09-22,26,290,239,51
2023-08-21,57,132,49,83
2023-02-19,1,335,88,247
2023-02-10,92,382,159,223
2022-09-27,5,484,65,419
2022-11-01,8,362,258,104
2022-09-18,11,333,231,102
2022-10-08,93,307,246,61
2022-11-10,94,182,168,14
2022-07-21,81,465,201,264
2022-11-13,95,137,8,129
2022-05-20,43,133,25,108
2021-11-09,81,168,65,103
2022-11-06,96,68,15,53
2022-01-12,83,356,55,301
2021-09-29,17,167,36,131
2022-03-20,22,183,70,113
2022-10-17,12,433,374,59
2022-04-03,26,376,229,147
2023-08-05,88,347,324,23
2021-11-24,86,479,241,238
2023-04-01,54,260,65,195
2022-03-20,56,271,218,53
2022-06-09,97,182,160,22
2023-09-12,5,450,365,85
2023-02-07,98,78,49,29
2022-08-04,99,315,200,115
2022-11-28,24,477,447,30
2022-05-20,3,53,14,39
2022-01-22,27,115,85,30
2022-09-08,44,162,55,107
2021-11-01,73,497,319,178
2022-04-08,17,154,9,145
2021-11-26,44,400,15,385
2021-11-19,7,357,210,147
2022-09-25,89,271,178,93
2023-07-26,57,386,226,160
2023-04-04,43,166,33,133
2021-10-22,100,438,90,348
2023-08-23,8,285,82,203
2022-06-20,101,79,29,50
2022-01-15,59,279,150,129
2022-11-08,81,492,234,258
2023-06-08,24,263,47,216
2022-04-09,44,114,91,23
2022-03-20,59,258,213,45
2022-05-11,29,143,133,10
2022-11-08,44,307,47,260
2023-06-11,4,234,42,192
2022-12-16,78,178,119,59
2023-05-06,82,120,7,113
2022-08-14,17,367,52,315
2021-11-26,27,318,58,260
2022-07-30,102,424,118,306
2022-07-16,32,125,33,92
2023-04-09,45,435,124,311
2021-10-09,69,244,145,99
2022-04-26,12,390,160,230
2022-10-23,43,458,330,128
2021-09-29,58,285,269,16
2023-06-08,103,202,133,69
2023-04-15,104,435,419,16
2021-10-29,44,444,428,16
2021-12-24,105,462,22,440
2022-06-07,4,302,6,296
2022-10-03,106,447,131,316
2022-11-15,24,342,300,42
2023-05-05,5,163,96,67
2023-02-15,107,184,118,66
2021-11-13,38,338,4,334
2022-05-23,108,72,65,7
2022-11-18,109,110,99,11
2022-05-14,22,339,88,251
2023-04-04,29,291,175,116
2021-10-24,24,281,150,131
2023-03-04,110,282,89,193
2023-02-16,24,176,133,43
2021-12-08,111,99,68,31
2023-07-01,44,470,397,73
2023-07-11,77,334,114,220
2023-05-29,13,157,58,99
2023-06-20,33,312,275,37
2023-02-24,13,391,385,6
2022-07-28,107,362,25,337
2022-07-01,11,210,85,125
2022-10-22,29,112,27,85
2022-02-17,22,351,343,8
2022-09-05,44,260,97,163
2022-05-16,4,316,257,59
2023-09-08,26,446,439,7
2023-08-10,29,223,47,176
2022-11-27,56,375,273,102
2022-07-30,24,63,46,17
2022-01-23,112,113,103,10
2023-03-22,17,401,260,141
2022-02-19,113,339,112,227
2023-05-01,11,53,52,1
2023-04-25,27,428,200,228
2023-08-01,114,152,6,146
2023-02-23,29,131,2,129
2022-05-18,115,393,28,365
2023-01-05,24,333,246,87
2022-09-04,11,75,38,37
2022-08-13,24,256,170,86
2023-04-27,56,290,195,95
2023-02-09,19,457,436,21
2023-01-25,11,339,171,168
2023-01-07,116,248,74,174
2023-01-20,117,120,75,45
2022-06-03,13,141,39,102
2022-03-13,31,142,64,78
2022-06-28,118,472,332,140
2023-05-14,119,351,118,233
2022-08-10,82,120,78,42
2022-10-04,43,416,390,26
2023-02-23,56,270,181,89
2021-12-05,29,483,442,41
2022-09-18,120,171,87,84
2023-07-16,49,398,232,166
2022-10-10,17,55,53,2
2022-08-29,62,194,178,16
2022-08-22,121,293,116,177
2021-10-25,122,299,235,64
2023-08-06,4,333,181,152
2022-03-14,51,168,134,34
2023-03-04,75,70,5,65
2021-11-19,5,105,36,69
2023-05-10,123,220,146,74
2022-05-16,114,336,196,140
2023-03-05,124,205,88,117
2022-07-14,125,101,45,56
2022-12-01,33,207,47,160
2022-12-22,8,97,7,90
2022-08-18,15,278,99,179
2023-04-03,15,265,78,187
2022-03-02,24,271,129,142
2022-05-23,4,290,130,160
2022-07-25,24,348,152,196
2021-10-07,13,219,46,173
2023-05-27,126,90,35,55
2021-10-30,127,138,31,107
2022-01-18,44,239,144,95
2022-12-07,17,449,191,258
2022-09-16,22,410,177,233
2022-02-01,5,188,176,12
2022-08-24,8,50,20,30
2022-07-23,56,332,82,250
2022-03-16,128,462,102,360
2022-01-26,24,132,24,108
2022-12-19,8,163,131,32
2022-05-03,114,306,84,222
2023-04-03,129,374,288,86
2023-06-04,39,455,304,151
2023-04-21,93,219,164,55
2023-02-10,130,341,56,285
2023-07-08,26,454,177,277
2022-05-13,5,345,229,116
2023-08-21,98,163,160,3
2022-02-07,17,473,311,162
2022-06-28,17,440,321,119
2022-02-28,56,410,190,220
2022-03-05,53,198,140,58
2022-05-18,19,247,43,204
2022-06-15,131,421,177,244
2021-12-25,113,366,316,50
2022-04-07,15,127,93,34
2023-08-19,56,94,27,67
2022-12-10,11,156,40,116
2023-06-17,85,186,43,143
2023-06-05,4,295,201,94
2021-11-29,57,296,25,271
2022-12-12,43,445,265,180
2022-07-08,29,154,133,21
2022-04-27,60,465,247,218
2023-04-24,132,362,67,295
2023-07-01,26,257,129,128
2023-08-31,101,468,134,334
2023-02-16,48,290,61,229
2022-04-03,8,110,4,106
2021-10-14,26,79,78,1
2022-09-07,24,340,317,23
2021-12-03,43,386,67,319
2023-09-10,8,376,288,88
2022-01-26,60,316,312,4
2023-01-23,31,337,92,245
2023-02-10,125,195,154,41
2023-02-17,27,273,8,265
2023-02-19,39,131,2,129
2022-05-09,5,189,187,2
2023-07-05,17,403,395,8
2023-05-03,64,177,26,151
2021-12-08,133,58,39,19
2023-08-07,13,495,230,265
2022-04-25,8,233,46,187
2023-02-04,56,471,75,396
2023-09-05,126,182,149,33
2023-08-09,116,367,8,359
2022-07-07,50,480,395,85
2022-03-07,27,321,131,190
2023-06-20,119,428,288,140
2021-10-28,15,405,377,28
2023-04-17,1,63,25,38
2022-06-22,11,211,50,161
2022-11-29,4,262,195,67
2022-12-29,29,407,64,343
2022-02-18,107,428,44,384
2021-10-26,69,482,267,215
2022-07-29,29,469,110,359
2023-06-13,43,349,128,221
2022-10-06,15,434,340,94
2022-12-09,17,70,55,15
2021-10-02,17,423,351,72
2023-05-27,134,345,235,110
2022-01-10,17,324,216,108
2023-08-10,56,427,256,171
2023-05-28,109,330,321,9
2022-08-17,60,130,55,75
2023-08-10,13,421,333,88
2022-07-22,135,177,70,107
2022-09-15,4,252,223,29
2022-02-14,87,109,38,71
2021-11-29,13,98,67,31
2022-07-08,57,363,141,222
2023-09-21,118,81,62,19
2021-10-07,11,420,372,48
2023-02-20,13,355,156,199
2023-08-08,130,465,69,396
2023-02-19,26,159,100,59
2021-11-09,135,333,233,100
2022-07-31,35,396,7,389
2022-03-21,136,57,23,34
2023-07-18,137,323,178,145
2022-12-16,29,297,293,4
2023-05-16,138,92,79,13
2023-08-18,26,313,216,97
2022-02-27,65,401,3,398
2021-12-07,39,448,299,149
2022-08-16,93,395,154,241
2022-01-06,11,496,187,309
2023-07-14,39,340,200,140
2022-09-30,86,183,165,18
2022-11-24,89,325,99,226
2023-01-23,17,62,10,52
2023-04-02,1,184,158,26
2022-10-14,53,262,173,89
2023-01-13,59,93,67,26
2022-04-25,56,104,21,83
2022-09-30,52,404,4,400
2021-12-17,139,77,62,15
2022-10-29,4,199,175,24
2023-01-19,39,198,43,155
2023-01-14,4,351,93,258
2022-10-05,140,333,307,26
2021-10-06,19,87,64,23
2021-11-14,17,118,104,14
2022-12-05,77,361,187,174
2023-07-01,47,152,68,84
2022-04-19,27,160,115,45
2022-02-28,54,436,237,199
2023-07-15,27,464,25,439
2022-03-29,141,126,119,7
2023-08-17,4,496,80,416
2023-05-17,64,324,307,17
2023-02-14,29,454,30,424
2022-06-19,17,122,12,110
2023-04-22,29,325,142,183
2022-06-03,37,430,43,387
2022-02-12,11,341,239,102
2023-04-26,26,190,20,170
2022-07-15,24,312,10,302
2021-10-15,114,77,69,8
2022-08-17,103,107,81,26
2022-05-24,8,84,2,82
2023-09-09,65,148,81,67
2023-03-16,24,51,42,9
2023-08-30,69,366,211,155
2021-11-08,56,53,26,27
2022-03-16,44,183,182,1
2022-11-22,142,468,418,50
2022-02-09,56,230,147,83
2023-05-27,5,74,8,66
2023-05-03,26,164,55,109
2023-01-15,11,364,362,2
2023-03-19,42,443,84,359
2023-09-16,18,283,157,126
2023-02-14,56,141,52,89
2022-02-08,26,388,370,18
2021-12-21,143,364,249,115
2023-05-29,22,70,39,31
2023-01-22,5,447,108,339
2022-04-22,22,133,98,35
2023-03-19,43,317,99,218
2022-08-08,144,338,307,31
2022-06-23,29,379,98,281
2022-10-04,44,402,11,391
2023-08-11,43,312,7,305
2023-03-16,44,227,94,133
2021-10-28,24,173,102,71
2022-03-17,19,366,290,76
2022-02-12,145,348,18,330
2022-09-13,56,290,96,194
2022-10-14,15,239,129,110
2022-11-04,91,148,71,77
2022-07-24,85,337,82,255
2022-03-07,22,232,79,153
2021-12-01,22,252,200,52
2023-06-20,17,211,177,34
2022-06-17,56,324,280,44
2023-09-17,111,103,28,75
2023-04-03,8,360,345,15
2022-01-25,15,157,58,99
2023-09-01,27,478,439,39
2021-10-26,8,147,143,4
2023-07-21,66,380,355,25
2023-05-08,29,86,83,3
2022-12-16,26,207,162,45
2022-03-11,26,439,430,9
2022-12-15,19,206,85,121
2022-09-19,138,131,126,5
2022-05-13,11,161,130,31
2023-07-05,57,258,245,13
2023-07-10,15,71,7,64
2021-10-29,10,127,42,85
2023-04-17,146,191,46,145
2022-02-22,33,81,14,67
2023-07-25,15,482,473,9
2021-12-13,26,92,6,86
2023-06-22,5,409,211,198
2021-12-01,101,397,162,235
2022-07-02,43,270,9,261
2021-10-27,101,258,167,91
2023-07-29,19,225,38,187
2023-05-08,122,458,151,307
2022-03-04,29,108,14,94
2022-01-30,29,472,325,147
2021-09-30,8,303,76,227
2022-03-14,147,262,220,42
2022-08-26,44,287,105,182
2022-10-14,18,183,79,104
2022-11-10,43,104,7,97
2023-09-19,148,499,54,445
2023-03-14,13,307,94,213
2022-06-18,26,188,17,171
2023-03-09,22,303,7,296
2022-03-07,56,237,237,0
2022-01-05,19,437,245,192
2023-04-03,17,74,36,38
2023-04-12,18,200,166,34
2023-09-05,13,443,203,240
2021-10-28,114,214,9,205
2022-01-11,27,150,128,22
2022-11-08,48,195,143,52
2023-05-03,27,351,252,99
2021-12-15,77,490,14,476
2023-08-06,8,337,231,106
2022-06-10,31,148,114,34
2023-02-05,15,233,87,146
2022-05-14,11,482,27,455
2022-11-17,145,67,56,11
2022-10-31,121,333,86,247
2022-02-16,44,378,249,129
2022-07-30,60,352,97,255
2023-07-17,149,489,90,399
2022-06-19,4,196,15,181
2022-12-31,43,466,213,253
2021-11-23,150,320,34,286
2022-07-30,133,128,74,54
2023-07-06,151,352,159,193
2022-04-30,114,432,173,259
2022-09-09,56,326,211,115
2023-04-02,60,313,39,274
2022-08-04,152,384,188,196
2022-12-30,153,487,341,146
2023-09-18,29,81,53,28
2022-01-05,44,168,6,162
2023-07-07,8,372,173,199
2022-07-09,97,206,172,34
2022-12-24,13,205,35,170
2023-03-04,22,175,127,48
2021-10-31,39,336,75,261
2022-07-15,99,262,240,22
2022-05-07,154,452,236,216
2022-11-28,24,419,151,268
2021-10-06,34,269,8,261
2022-06-20,90,428,238,190
2022-08-11,123,67,39,28
2023-08-20,4,118,110,8
2022-09-03,57,60,16,44
2022-01-26,46,79,71,8
2023-07-05,132,60,15,45
2023-07-12,132,209,190,19
2021-12-24,134,120,67,53
2022-04-18,155,448,21,427
2022-10-16,44,130,129,1
2022-11-28,75,185,21,164
2023-01-31,63,106,65,41
2022-01-25,82,146,80,66
2022-02-06,25,337,190,147
2023-09-08,15,159,145,14
2021-10-29,156,125,49,76
2023-06-25,153,141,77,64
2023-06-04,26,57,50,7
2022-03-02,153,159,159,0
2022-08-24,56,498,270,228
2022-03-13,26,204,204,0
2023-04-09,1,332,48,284
2022-06-04,89,203,126,77
2022-07-09,97,412,230,182
2022-06-04,157,274,201,73
2023-03-18,61,122,38,84
2023-06-28,56,238,80,158
2023-02-28,152,188,150,38
2023-01-07,24,210,187,23
2022-04-14,158,414,409,5
2022-02-01,64,247,122,125
2023-01-14,89,56,52,4
2022-10-21,159,219,154,65
2022-09-18,29,305,232,73
2021-12-30,12,221,221,0
2023-07-13,39,230,217,13
2023-02-03,128,352,113,239
2021-11-24,17,270,150,120
2022-12-20,27,73,63,10
2022-03-21,134,222,50,172
2022-06-26,13,331,17,314
2022-05-05,11,465,294,171
2023-09-02,17,442,152,290
2023-03-30,17,348,248,100
2023-02-28,60,213,55,158
2022-04-19,99,384,357,27
2023-09-13,160,252,245,7
2021-11-28,118,306,305,1
2023-01-05,39,354,332,22
2022-11-28,5,295,167,128
2023-05-14,27,294,209,85
2022-08-31,22,370,349,21
2022-02-26,161,281,190,91
2022-03-16,98,185,67,118
2023-04-15,11,378,354,24
2021-10-06,25,251,131,120
2022-12-10,4,134,19,115
2023-09-23,24,334,142,192
2022-03-27,26,477,420,57
2022-01-02,2,176,33,143
2021-12-08,24,364,17,347
2022-05-03,162,270,130,140
2022-01-28,38,441,369,72
2023-08-27,15,197,87,110
2021-11-17,18,118,90,28
2022-07-07,105,332,249,83
2023-07-12,5,376,270,106
2022-01-11,5,294,37,257
2023-04-17,163,377,18,359
2023-09-04,19,233,167,66
2022-06-09,13,489,87,402
2023-05-22,24,346,131,215
2022-06-22,4,114,7,107
2023-02-15,24,497,281,216
2022-11-02,5,403,259,144
2023-04-06,42,210,85,125
2023-04-18,57,332,66,266
2023-07-06,6,60,60,0
2023-08-19,63,432,372,60
2022-09-10,45,252,146,106
2022-08-05,164,158,65,93
2021-12-31,130,479,214,265
2023-01-17,165,296,260,36
2023-07-21,13,324,86,238
2022-02-01,129,463,167,296
2021-11-07,17,454,334,120
2022-08-21,57,63,50,13
2022-08-03,71,491,351,140
2023-05-31,49,79,55,24
2022-12-17,128,78,5,73
2021-12-23,75,105,22,83
2023-09-12,130,265,77,188
2023-03-26,56,211,84,127
2023-01-30,57,268,115,153
2022-12-14,60,406,375,31
2023-01-01,27,227,99,128
2023-06-07,84,459,400,59
2022-08-29,60,401,162,239
2023-07-18,78,351,323,28
2021-11-23,57,91,23,68
2021-10-16,57,491,383,108
2023-06-27,13,346,60,286
2022-03-13,57,376,123,253
2023-05-25,48,164,33,131
2022-12-06,166,492,281,211
2023-04-24,5,301,128,173
2022-07-02,98,142,84,58
2022-09-05,11,229,222,7
2022-02-26,39,138,35,103
2021-11-19,167,336,32,304
2022-08-27,19,362,140,222
2022-02-14,168,275,45,230
2023-08-19,169,115,86,29
2023-05-29,8,137,52,85
2022-02-25,43,372,134,238
2021-11-16,86,99,15,84
2022-06-13,8,403,14,389
2022-09-04,56,207,203,4
2022-07-15,5,338,89,249
2023-05-06,130,372,329,43
2023-01-24,43,55,13,42
2023-03-03,19,328,3,325
2022-07-26,24,408,48,360
2021-12-14,44,446,274,172
2023-03-09,11,51,42,9
2021-12-08,2,315,122,193
2022-02-10,170,495,308,187
2022-09-05,60,131,49,82
2022-06-26,171,250,165,85
2022-12-10,30,227,183,44
2023-01-27,119,194,14,180
2023-07-16,15,137,100,37
2023-05-15,46,185,175,10
2022-02-28,128,215,124,91
2021-12-08,26,103,64,39
2022-07-28,43,378,71,307
2023-04-18,57,384,30,354
2021-11-07,81,335,317,18
2023-03-01,35,409,408,1
2023-04-29,4,382,108,274
2023-07-01,129,426,34,392
2022-08-17,166,403,245,158
2023-08-04,4,59,2,57
2021-11-27,56,435,62,373
2022-05-11,26,441,113,328
2022-04-04,122,309,169,140
2022-04-22,18,273,198,75
2023-09-13,57,396,294,102
2023-08-15,44,138,137,1
2023-03-23,8,390,20,370
2023-01-17,64,82,17,65
2022-10-24,67,442,20,422
2022-09-21,41,171,10,161
2022-04-11,56,491,469,22
2022-11-25,19,65,29,36
2022-03-03,11,233,62,171
2023-03-05,44,300,271,29
2022-03-03,44,165,73,92
2022-04-12,93,424,89,335
2023-09-26,43,426,171,255
2022-10-09,112,72,67,5
2023-01-12,11,282,39,243
2023-08-19,60,151,62,89
2022-03-05,126,418,376,42
2022-03-15,88,211,154,57
2023-01-01,26,187,7,180
2021-12-10,120,499,49,450
2022-10-24,7,430,384,46
2023-04-29,29,72,14,58
2022-11-27,44,185,31,154
2021-11-15,18,340,303,37
2023-05-12,11,494,248,246
2023-04-30,46,214,40,174
2022-03-15,126,133,86,47
2022-12-31,121,234,133,101
2023-05-31,22,411,133,278
2022-06-15,27,313,295,18
2022-06-22,77,245,113,132
2022-06-06,26,380,349,31
2023-08-31,4,220,27,193
2022-01-20,26,154,148,6
2021-12-13,5,77,71,6
2022-09-30,150,55,52,3
2023-01-13,5,201,128,73
2022-07-01,108,129,118,11
2022-04-05,172,369,215,154
2022-01-19,29,383,209,174
2022-03-19,19,154,152,2
2022-11-29,145,90,85,5
2022-01-09,173,57,1,56
2021-11-26,11,335,310,25
2023-05-03,174,78,5,73
2021-09-28,125,171,118,53
2023-02-25,19,308,150,158
2023-07-19,11,127,78,49
2023-09-19,175,260,216,44
2022-11-24,150,314,176,138
2022-01-14,43,369,183,186
2023-05-21,19,429,302,127
2023-08-02,113,60,29,31
2022-11-29,11,315,244,71
2022-12-21,27,453,51,402
2022-10-10,121,124,66,58
2023-03-23,22,108,71,37
2023-07-14,79,313,91,222
2022-03-18,130,115,57,58
2023-05-11,45,314,227,87
2022-04-24,87,397,40,357
2022-12-24,22,247,141,106
2022-09-05,22,290,22,268
2021-11-20,33,362,160,202
2022-05-04,4,221,108,113
2023-03-26,83,53,34,19
2021-12-19,166,345,133,212
2023-03-31,113,132,20,112
2022-03-08,103,393,364,29
2021-11-10,130,372,86,286
2023-02-07,33,456,114,342
2021-12-28,19,145,117,28
2023-06-15,130,473,292,181
2021-10-31,8,401,312,89
2023-06-09,60,364,329,35
2021-11-24,30,245,25,220
2021-12-13,113,141,42,99
2023-03-17,60,338,332,6
2023-03-18,8,226,35,191
2022-12-15,176,268,64,204
2021-10-29,56,280,121,159
2023-05-11,177,403,142,261
2023-04-06,88,500,155,345
2022-08-30,8,311,262,49
2023-07-25,45,240,118,122
2023-06-07,13,196,61,135
2023-02-02,120,437,424,13
2022-07-27,22,246,87,159
2022-11-22,22,218,25,193
2022-12-19,59,428,89,339
2022-08-27,17,445,393,52
2022-06-11,18,78,60,18
2022-11-24,168,206,58,148
2022-09-21,44,340,298,42
2023-09-25,9,99,84,15
2023-01-09,24,277,231,46
2023-08-10,44,464,274,190
2021-12-31,26,473,34,439
2021-11-12,60,280,246,34
2023-07-25,56,266,141,125
2022-07-17,178,131,52,79
2022-08-17,19,382,23,359
2022-08-12,67,373,112,261
2022-08-24,22,278,179,99
2023-08-19,6,106,53,53
2023-05-24,17,383,206,177
2021-11-14,39,198,82,116
2023-09-21,4,268,8,260
2023-07-30,18,50,16,34
2023-05-24,60,74,60,14
2022-12-17,99,380,85,295
2023-09-19,4,216,62,154
2023-01-29,57,407,167,240
2022-04-10,56,458,269,189
2022-04-09,18,89,85,4
2023-08-10,22,158,19,139
2023-08-31,7,472,126,346
2023-07-29,5,284,128,156
2023-09-10,26,386,50,336
2023-08-29,60,257,162,95
2022-04-05,44,433,9,424
2023-01-26,153,62,61,1
2023-05-14,132,474,228,246
2022-04-30,8,455,287,168
2022-08-16,160,64,23,41
2022-08-04,8,443,136,307
2022-03-25,144,290,55,235
2021-10-07,5,221,135,86
2022-05-05,26,364,164,200
2021-10-12,75,427,422,5
2023-05-01,17,198,187,11
2021-12-06,24,456,355,101
2023-01-26,153,483,281,202
2021-10-16,18,98,1,97
2021-10-31,179,413,100,313
2021-11-26,60,147,28,119
2023-09-18,44,280,148,132
2023-04-22,15,203,191,12
2023-04-12,180,194,135,59
2022-04-30,29,385,200,185
2023-07-02,43,486,172,314
2023-05-08,22,447,64,383
2022-02-15,16,262,192,70
2023-02-03,120,393,222,171
2023-04-29,27,211,48,163
2023-05-19,5,279,249,30
2023-04-12,122,122,37,85
2023-02-21,102,249,39,210
2022-03-28,144,346,37,309
2022-07-08,181,384,334,50
2023-01-11,56,90,70,20
2021-12-25,4,463,258,205
2023-02-15,34,464,188,276
2023-05-21,44,112,10,102
2023-08-19,64,66,57,9
2023-08-12,23,459,290,169
2022-01-10,18,389,232,157
2022-02-17,61,149,140,9
2022-02-04,182,142,15,127
2023-05-19,91,308,139,169
2023-08-06,22,345,305,40
2022-10-04,122,374,23,351
2022-05-18,78,304,173,131
2022-08-07,27,402,135,267
2022-05-30,11,131,36,95
2023-06-04,113,53,45,8
2021-12-01,44,468,206,262
2022-08-01,56,65,3,62
2023-04-02,4,203,103,100
2022-10-23,123,291,85,206
2023-02-12,72,78,26,52
2022-07-23,44,77,23,54
2022-08-21,3,453,257,196
2022-06-14,26,72,51,21
2023-08-06,39,370,241,129
2023-04-12,60,325,7,318
2022-02-16,44,265,47,218
2022-11-01,151,442,237,205
2022-05-27,60,382,311,71
2023-01-25,44,452,391,61
2022-10-07,60,396,230,166
2022-09-23,111,80,61,19
2022-04-22,26,358,195,163
2022-05-16,183,408,328,80
2021-10-06,164,190,9,181
2022-09-12,60,255,107,148
2021-10-06,103,308,189,119
2022-10-30,131,470,34,436
2022-07-23,60,377,129,248
2022-04-17,26,347,99,248
2021-12-04,43,117,101,16
2023-02-05,27,202,193,9
2023-09-12,56,164,159,5
2023-04-27,17,98,72,26
2023-07-12,64,136,129,7
2021-12-21,57,476,162,314
2022-08-29,147,226,13,213
2023-06-26,15,266,91,175
2022-07-13,60,489,53,436
2021-11-06,40,84,14,70
2022-03-09,5,138,127,11
2021-11-09,125,361,303,58
2023-02-07,42,198,125,73
2023-03-23,27,367,23,344
2022-01-29,184,175,97,78
2023-04-07,61,145,126,19
2023-05-13,45,459,247,212
2022-09-23,43,464,48,416
2022-02-18,57,255,148,107
2023-04-08,185,395,264,131
2022-04-05,61,447,52,395
2022-10-12,90,127,55,72
2023-02-23,11,275,209,66
2023-07-17,22,134,127,7
2023-06-20,2,399,327,72
2022-12-22,26,195,4,191
2022-05-01,49,81,76,5
2022-04-10,17,320,269,51
2022-11-13,24,494,124,370
2021-09-28,93,221,74,147
2023-08-25,13,279,1,278
2023-07-09,123,141,48,93
2022-06-21,11,156,54,102
2021-10-29,167,114,77,37
2022-01-01,26,331,178,153
2023-05-31,13,138,30,108
2022-08-11,24,403,247,156
2022-10-23,27,81,62,19
2023-09-27,98,138,33,105
2022-09-20,19,400,9,391
2023-03-31,19,112,65,47
2022-01-02,186,341,199,142
2022-09-24,44,269,31,238
2023-06-10,10,387,63,324
2023-06-04,2,130,128,2
2022-04-08,60,397,51,346
2022-07-19,57,366,300,66
2022-03-07,39,327,103,224
2022-07-26,181,253,86,167
2023-07-26,22,106,36,70
2022-11-10,24,408,246,162
2022-07-06,17,133,95,38
2022-10-12,17,286,252,34
2022-05-03,39,491,327,164
2023-06-29,61,446,255,191
2022-05-25,138,459,399,60
2022-07-21,39,376,265,111
2021-11-19,13,158,87,71
2023-06-03,17,285,253,32
2021-12-18,113,328,95,233
2022-05-31,24,133,74,59
2022-07-26,116,491,448,43
2023-05-04,11,375,295,80
2023-01-14,28,367,356,11
2022-11-08,64,53,15,38
2022-09-30,3,55,19,36
2022-07-13,19,52,2,50
2023-04-03,187,329,50,279
2022-08-09,44,482,19,463
2022-05-09,39,321,157,164
2023-04-23,16,137,21,116
2022-10-05,5,67,27,40
2022-04-01,128,431,222,209
2023-04-14,89,399,45,354
2023-01-24,84,474,222,252
2023-06-28,71,333,208,125
2023-01-16,16,424,162,262
2023-05-09,43,122,60,62
2023-09-24,26,230,175,55
2022-11-03,60,146,47,99
2021-12-16,24,121,110,11
2023-05-04,56,317,94,223
2022-05-20,73,157,128,29
2022-12-13,44,91,71,20
2023-01-19,13,471,74,397
2022-02-27,17,241,110,131
2022-07-31,32,257,218,39
2023-03-02,18,352,337,15
2022-06-20,4,134,30,104
2023-07-28,13,60,42,18
2022-08-12,29,269,32,237
2022-07-09,43,304,181,123
2022-10-10,22,91,40,51
2022-06-23,3,167,26,141
2022-06-08,63,89,27,62
2023-03-10,111,50,30,20
2023-01-24,22,150,62,88
2023-06-11,89,170,107,63
2021-12-17,45,336,146,190
2023-06-12,89,453,369,84
2022-08-27,72,399,47,352
2021-11-08,2,407,77,330
2022-09-06,91,323,267,56
2023-04-16,17,109,4,105
2021-12-24,145,253,103,150
2022-10-27,119,481,128,353
2023-07-28,82,380,377,3
2023-02-14,17,207,143,64
2023-05-21,173,68,19,49
2023-01-20,28,337,192,145
2023-05-10,62,402,65,337
2023-01-03,26,270,100,170
2023-07-05,26,425,341,84
2021-10-30,107,492,167,325
2022-11-01,56,72,54,18
2021-10-24,57,106,62,44
2021-11-04,4,65,51,14
2022-12-30,44,188,92,96
2021-12-07,94,401,278,123
2022-08-10,22,473,429,44
2021-10-18,26,370,176,194
2022-09-26,22,348,64,284
2022-08-12,83,215,133,82
2023-05-25,17,295,150,145
2022-02-09,110,86,76,10
2021-12-10,29,462,431,31
2023-03-03,22,188,160,28
2022-04-14,29,223,48,175
2022-07-11,103,75,33,42
2023-04-09,143,243,41,202
2022-04-10,176,232,64,168
2023-04-08,24,298,283,15
2023-01-30,188,194,183,11
2022-01-28,83,339,164,175
2022-11-05,56,441,12,429
2022-06-09,161,112,45,67
2023-01-15,166,422,211,211
2023-03-05,29,140,19,121
2021-10-09,18,239,63,176
2023-07-01,16,287,272,15
2023-08-08,15,145,89,56
2022-01-04,118,137,18,119
2022-11-05,18,495,335,160
2022-11-09,17,132,105,27
2022-10-28,44,225,214,11
2023-09-28,15,500,116,384
2023-09-16,42,472,11,461
2023-09-25,111,230,21,209
2021-11-30,64,258,107,151
2022-03-24,11,307,306,1
2022-11-04,104,210,198,12
2021-10-30,39,486,221,265
2023-05-17,136,101,86,15
2023-02-06,176,390,374,16
2021-11-21,174,75,24,51
2023-08-10,164,232,189,43
2023-08-09,19,404,80,324
2022-05-02,56,184,72,112
2023-04-26,34,373,199,174
2023-09-16,94,391,100,291
2022-09-30,90,145,63,82
2022-03-13,43,430,324,106
2023-02-18,15,297,155,142
2023-01-23,189,422,73,349
2023-02-12,42,116,64,52
2023-05-25,13,342,227,115
2022-05-31,110,387,386,1
2023-03-07,24,426,289,137
2023-04-23,4,216,135,81
2023-04-25,22,141,15,126
2022-08-18,57,287,30,257
2022-09-13,11,91,80,11
2022-11-02,56,212,45,167
2023-06-22,82,382,58,324
2021-10-03,44,127,107,20
2022-10-16,135,227,120,107
2022-10-17,144,97,28,69
2022-04-13,24,96,39,57
2021-10-03,190,221,217,4
2022-11-17,24,460,171,289
2022-08-09,22,405,314,91
2023-02-08,107,322,106,216
2023-05-18,44,324,173,151
2023-08-27,187,307,90,217
2022-11-28,98,407,330,77
2022-12-18,127,236,76,160
2022-01-02,5,369,54,315
2021-11-19,88,290,241,49
2022-04-28,8,74,40,34
2021-11-19,161,147,133,14
2023-09-01,19,139,45,94
2023-07-20,44,146,40,106
2023-05-01,78,243,124,119
2021-12-30,57,464,115,349
2021-10-02,17,61,44,17
2023-06-30,60,157,149,8
2022-07-04,78,203,44,159
2023-05-25,102,443,104,339
2023-04-03,44,174,74,100
2021-12-12,135,322,24,298
2022-08-06,69,203,37,166
2022-04-11,19,234,5,229
2022-11-22,69,51,17,34
2021-10-28,5,351,194,157
2021-10-07,4,187,36,151
2022-05-18,54,208,21,187
2022-01-22,162,147,77,70
2023-09-11,2,134,128,6
2023-02-18,15,258,76,182
2023-03-03,5,100,84,16
2022-12-12,144,414,337,77
2023-06-25,26,470,98,372
2021-10-09,56,281,186,95
2023-04-17,56,165,118,47
2022-05-15,27,205,23,182
2023-01-04,19,74,60,14
2022-07-31,4,120,13,107
2022-04-06,191,70,38,32
2022-03-18,165,391,314,77
2023-04-21,11,431,69,362
2023-09-27,15,284,233,51
2021-12-24,57,500,358,142
2022-01-06,24,411,209,202
2022-09-27,44,263,206,57
2023-08-10,27,64,33,31
2021-11-11,22,164,78,86
2023-08-26,62,492,391,101
2022-01-07,138,319,234,85
2022-05-18,15,337,9,328
2023-06-19,122,191,135,56
2022-08-27,24,232,175,57
2022-01-17,19,105,50,55
2023-09-13,190,399,124,275
2023-04-20,29,439,244,195
2022-11-29,44,98,69,29
2022-01-04,19,489,416,73
2021-11-25,18,453,85,368
2023-01-08,143,475,113,362
2023-09-13,26,293,258,35
2021-10-27,150,475,38,437
2023-08-03,26,104,66,38
2022-07-24,44,484,225,259
2021-11-09,19,232,195,37
2023-01-20,8,347,179,168
2022-05-05,160,444,360,84
2022-01-09,22,425,415,10
2023-01-31,15,299,242,57
2022-03-18,19,193,99,94
2022-03-19,17,304,16,288
2022-11-20,12,385,82,303
2023-01-31,94,185,162,23
2023-09-09,27,406,288,118
2023-06-12,22,203,75,128
2022-10-27,7,198,68,130
2022-07-26,57,412,292,120
2023-05-19,122,125,27,98
2022-06-26,27,119,106,13
2022-02-14,64,377,72,305
2022-01-03,27,236,105,131
2023-08-16,56,92,49,43
2023-04-15,65,454,16,438
2023-07-03,22,247,187,60
2022-05-21,144,270,151,119
2023-07-28,60,135,47,88
2022-02-17,56,353,26,327
2023-06-18,174,307,273,34
2023-05-22,13,88,3,85
2022-08-21,1,278,217,61
2023-03-23,19,95,60,35
2021-10-13,5,222,7,215
2022-04-23,147,397,304,93
2023-02-26,11,72,57,15
2021-12-16,4,413,358,55
2023-06-13,123,142,92,50
2022-04-21,5,204,200,4
2023-02-27,3,252,139,113
2021-10-09,54,93,12,81
2023-09-11,57,313,47,266
2022-05-29,11,288,247,41
2021-10-20,39,54,34,20
2022-08-03,26,409,47,362
2023-08-07,57,498,334,164
2023-06-15,29,490,258,232
2022-09-29,60,281,88,193
2022-12-06,39,485,68,417
2022-04-14,8,77,16,61
2022-08-23,192,54,21,33
2023-01-23,133,219,49,170
2022-12-18,193,493,259,234
2023-04-18,4,209,179,30
2022-11-10,43,285,31,254
2023-01-18,15,339,102,237
2021-11-11,80,337,56,281
2022-01-07,103,407,251,156
2022-05-14,139,494,385,109
2023-07-21,113,61,55,6
2023-09-16,13,347,167,180
2022-10-23,60,284,228,56
2022-09-18,11,246,233,13
2022-12-01,27,109,57,52
2022-08-20,57,153,13,140
2023-09-17,165,59,2,57
2023-06-22,9,481,56,425
2023-07-25,105,85,27,58
2022-07-14,8,449,42,407
2022-02-11,46,339,164,175
2022-04-28,17,300,284,16
2023-03-16,24,111,38,73
2023-08-26,61,389,330,59
2023-06-07,18,197,111,86
2022-05-03,11,113,78,35
2021-12-11,30,89,61,28
2022-02-01,69,496,494,2
2022-07-12,23,168,97,71
2022-12-20,22,318,126,192
2022-09-04,24,411,401,10
2022-01-26,128,192,103,89
2021-11-30,94,170,62,108
2023-08-22,24,133,7,126
2022-07-08,5,427,361,66
2021-10-26,26,407,93,314
2022-04-04,13,469,63,406
2022-03-26,63,87,1,86
2023-03-09,28,203,14,189
2022-04-09,56,461,162,299
2023-03-23,24,177,138,39
2022-01-04,24,317,23,294
2022-11-06,17,391,171,220
2023-03-26,129,270,230,40
2022-03-29,33,311,243,68
2022-01-20,44,441,246,195
2022-12-21,18,131,121,10
2022-10-26,61,307,64,243
2021-10-31,98,429,310,119
2023-05-21,194,135,81,54
2023-08-28,59,141,61,80
2021-12-08,195,73,52,21
2022-10-14,57,89,27,62
2023-08-06,105,307,299,8
2022-03-16,190,492,378,114
2022-06-02,56,264,123,141
2022-01-23,56,330,231,99
2022-05-09,8,236,135,101
2022-08-04,73,349,45,304
2023-04-19,165,307,126,181
2022-06-28,26,116,38,78
2022-06-19,27,139,94,45
2022-07-31,82,304,269,35
2023-07-27,18,457,25,432
2022-10-11,56,423,201,222
2022-03-29,31,318,130,188
2022-04-28,56,472,6,466
2023-07-20,3,326,47,279
2022-10-29,8,474,413,61
2021-12-22,38,474,317,157
2023-01-20,97,497,248,249
2023-06-07,87,483,414,69
2023-09-21,145,318,2,316
2021-10-02,60,121,21,100
2023-01-04,153,473,345,128
2023-05-15,8,255,149,106
2023-06-11,196,105,9,96
2023-05-03,15,492,344,148
2023-09-13,19,374,250,124
2022-11-22,45,159,29,130
2023-01-28,123,137,28,109
2021-10-22,91,455,204,251
2023-08-06,22,465,270,195
2021-10-01,44,114,102,12
2022-12-22,8,384,117,267
2021-10-03,91,494,483,11
2021-12-27,27,146,74,72
2022-04-14,26,490,313,177
2023-07-11,19,213,211,2
2023-06-03,26,417,61,356
2022-05-17,60,477,401,76
2022-06-16,19,258,139,119
2021-12-05,5,406,48,358
2023-06-03,91,310,7,303
2022-02-02,22,398,159,239
2022-02-04,4,160,72,88
2023-05-20,114,484,167,317
2022-09-20,54,430,384,46
2022-09-07,24,179,57,122
2022-05-19,44,106,76,30
2023-06-14,44,332,238,94
2023-04-23,29,190,172,18
2022-05-11,34,290,98,192
2022-09-30,15,281,269,12
2022-04-15,124,364,88,276
2022-10-07,113,340,40,300
2023-01-22,46,107,26,81
2023-03-28,27,323,323,0
2022-11-26,22,250,62,188
2021-10-09,60,323,288,35
2023-02-26,17,238,15,223
2023-05-05,82,323,289,34
2022-12-19,92,241,210,31
2023-02-01,13,385,29,356
2022-12-30,30,53,1,52
2023-03-26,4,132,108,24
2022-02-14,88,429,337,92
2022-04-21,26,178,151,27
2021-12-05,113,221,77,144
2023-09-08,68,347,32,315
2023-06-30,17,271,124,147
2022-03-06,19,98,22,76
2021-12-17,100,289,123,166
2023-06-23,11,111,39,72
2022-10-21,44,248,215,33
2022-05-01,56,77,20,57
2023-02-22,26,496,282,214
2022-11-23,56,232,80,152
2022-06-27,122,124,46,78
2023-04-04,8,373,139,234
2023-01-18,26,105,90,15
2023-06-19,15,272,206,66
2022-06-29,29,214,33,181
2023-08-13,57,298,48,250
2021-10-24,93,96,87,9
2023-04-07,29,193,148,45
2022-01-02,59,222,65,157
2022-11-09,41,153,87,66
2022-08-01,166,281,116,165
2022-05-03,19,435,429,6
2022-11-18,27,111,88,23
2023-01-08,60,230,190,40
2023-09-26,26,274,24,250
2022-01-13,18,383,339,44
2023-08-22,5,262,120,142
2021-11-08,15,260,2,258
2023-05-17,126,215,158,57
2022-10-17,131,336,169,167
2022-01-17,44,231,71,160
2023-04-09,98,283,13,270
2021-12-22,43,350,338,12
2022-12-02,31,341,273,68
2022-06-30,57,347,112,235
2022-03-02,22,269,214,55
2023-03-17,27,267,215,52
2023-09-03,144,191,176,15
2022-12-17,196,447,175,272
2022-11-06,4,438,156,282
2023-05-02,5,118,65,53
2022-12-04,143,248,243,5
2023-03-30,8,111,6,105
2021-10-04,39,111,101,10
2022-09-23,8,310,84,226
2023-06-03,7,412,225,187
2023-05-31,79,281,152,129
2022-04-18,161,458,101,357
2023-04-07,62,419,261,158
2021-10-30,41,359,193,166
2023-04-02,15,153,134,19
2022-06-01,18,391,66,325
2021-10-14,44,319,286,33
2023-09-27,136,166,16,150
2023-04-05,61,453,109,344
2023-02-25,196,143,10,133
2022-09-20,142,326,183,143
2022-06-03,5,493,493,0
2022-02-23,98,422,111,311
2022-10-02,25,433,355,78
2022-06-03,196,198,63,135
2022-06-22,24,312,219,93
2022-10-02,60,441,3,438
2022-11-05,197,100,67,33
2021-11-26,13,491,452,39
2022-10-03,1,472,175,297
2023-05-04,60,381,301,80
2022-01-24,56,200,24,176
2022-04-22,29,123,96,27
2022-03-18,13,238,82,156
2021-10-25,5,248,41,207
2021-10-27,129,454,134,320
2023-05-25,53,417,111,306
2022-05-17,15,117,60,57
2022-05-06,24,447,155,292
2022-03-15,27,394,302,92
2022-09-16,29,480,133,347
2022-03-05,74,160,115,45
2022-11-06,13,484,466,18
2023-06-26,39,378,272,106
2021-11-01,10,301,243,58
2022-07-05,25,230,31,199
2022-03-28,118,500,111,389
2022-10-23,153,301,229,72
2023-07-02,73,464,388,76
2023-09-22,19,306,150,156
2023-09-25,17,168,148,20
2023-05-05,57,379,171,208
2023-08-02,13,197,57,140
2022-08-12,102,113,66,47
2022-06-27,22,90,6,84
2023-05-26,62,121,52,69
2023-04-22,123,175,85,90
2022-07-01,22,167,126,41
2023-02-27,40,343,153,190
2022-11-25,120,395,98,297
2023-09-08,68,290,179,111
2022-09-30,17,394,191,203
2023-09-06,29,325,15,310
2023-01-09,153,469,370,99
2023-03-04,44,252,240,12
2023-09-14,26,399,36,363
2022-09-21,56,88,39,49
2023-06-23,24,180,100,80
2022-02-11,120,167,50,117
2021-12-06,60,260,245,15
2021-12-02,60,231,135,96
2022-12-05,19,159,118,41
2022-08-17,167,128,123,5
2022-11-03,5,405,183,222
2023-05-14,39,288,215,73
2022-12-10,15,176,67,109
2022-02-22,57,403,191,212
2023-08-26,4,229,13,216
2022-08-16,11,452,242,210
2022-09-08,22,397,183,214
2023-02-07,49,297,146,151
2023-08-01,8,131,5,126
2022-11-19,132,259,140,119
2022-07-11,6,322,132,190
2022-12-17,114,223,202,21
2022-05-02,15,58,28,30
2023-06-09,49,203,99,104
2023-02-23,26,441,97,344
2022-10-04,5,454,243,211
2022-06-07,39,279,240,39
2023-09-17,43,170,64,106
2023-04-25,136,356,80,276
2022-09-16,4,61,44,17
2022-08-13,13,496,330,166
2023-02-28,19,268,123,145
2023-01-27,59,113,75,38
2023-04-16,29,409,196,213
2021-12-22,58,427,95,332
2023-08-08,4,149,143,6
2021-12-21,26,86,15,71
2023-01-19,22,229,135,94
2023-03-10,185,288,128,160
2022-04-06,4,145,51,94
2023-07-27,15,346,45,301
2022-09-07,29,432,64,368
2022-12-30,19,151,97,54
2022-08-16,29,385,77,308
2022-12-18,17,266,58,208
2022-09-07,15,427,98,329
2021-11-10,198,200,150,50
2021-11-27,114,107,78,29
2021-12-19,30,365,15,350
2022-10-24,199,232,65,167
2022-08-23,57,74,66,8
2023-07-12,81,210,170,40
2021-10-02,57,288,54,234
2022-02-09,44,158,130,28
2022-03-27,130,279,252,27
2022-09-02,25,51,45,6
2023-09-17,38,222,66,156
2022-02-12,27,161,132,29
2022-09-29,15,404,128,276
2023-01-03,13,136,38,98
2022-09-14,200,357,150,207
2023-06-18,71,332,99,233
2023-01-14,181,447,441,6
2023-04-28,61,300,3,297
2022-04-03,57,57,5,52
2022-12-14,27,260,248,12
2021-10-22,132,488,198,290
2022-07-30,57,226,120,106
2022-06-04,81,336,160,176
2022-12-03,113,436,427,9
2021-10-27,60,89,89,0
2022-01-13,160,236,132,104
2022-04-06,15,234,185,49
2022-11-09,4,453,380,73
2022-10-11,201,436,317,119
2022-03-30,15,289,68,221
2022-03-17,39,214,55,159
2022-01-03,57,281,102,179
2022-01-22,11,483,450,33
2023-08-03,13,447,5,442
2023-03-12,4,180,115,65
2022-02-15,18,118,65,53
2023-07-25,72,85,37,48
2023-07-28,2,310,177,133
2021-11-21,4,214,199,15
2022-11-08,196,225,206,19
2021-12-20,17,89,64,25
2023-09-18,44,398,97,301
2023-01-22,46,185,169,16
2021-12-16,60,371,36,335
2023-01-25,27,98,20,78
2023-04-03,72,75,60,15
2022-11-05,29,143,50,93
2023-09-04,26,275,202,73
2022-01-12,87,322,187,135
2022-04-12,15,349,187,162
2023-02-22,202,299,36,263
2023-07-18,42,347,223,124
2022-06-02,12,132,29,103
2023-04-20,19,214,124,90
2023-04-14,18,322,37,285
2023-02-25,18,196,19,177
2023-09-19,52,271,127,144
2022-09-23,60,383,331,52
2022-05-13,38,347,249,98
2023-03-25,54,455,105,350
2023-06-01,31,402,340,62
2023-06-25,50,263,168,95
2022-01-13,102,115,32,83
2021-11-16,185,481,112,369
2023-01-29,22,346,189,157
2023-03-13,19,363,172,191
2023-06-27,11,69,32,37
2023-06-01,5,282,191,91
2022-08-14,81,57,56,1
2022-03-14,17,106,62,44
2023-09-17,39,369,191,178
2021-12-22,48,143,82,61
2022-07-28,28,143,17,126
2022-10-15,126,293,159,134
2022-08-08,43,373,259,114
2023-09-26,11,238,160,78
2022-06-12,34,59,46,13
2022-01-15,19,117,20,97
2021-11-25,128,464,215,249
2022-07-22,116,413,194,219
2022-12-12,44,140,3,137
2023-05-14,75,103,101,2
2022-11-02,24,174,155,19
2022-05-09,47,112,11,101
2022-03-16,19,305,288,17
2022-08-20,8,436,40,396
2022-07-28,24,321,317,4
2021-12-08,81,422,357,65
2022-01-26,24,71,36,35
2023-08-09,18,479,83,396
2022-05-10,203,367,25,342
2021-12-15,8,377,222,155
2022-08-23,39,135,17,118
2023-06-04,39,341,11,330
2023-02-02,125,213,108,105
2022-03-29,128,80,38,42
2022-07-12,43,143,103,40
2023-03-08,204,268,243,25
2022-09-01,29,226,178,48
2021-09-30,185,79,35,44
2023-03-16,59,182,155,27
2022-07-28,26,388,222,166
2022-11-18,19,496,458,38
2023-04-22,60,259,254,5
2023-09-12,5,84,51,33
2022-07-29,5,357,292,65
2022-04-13,27,319,64,255
2023-01-05,42,349,315,34
2023-08-09,39,357,117,240
2022-09-29,57,207,150,57
2022-12-13,5,258,159,99
2023-04-21,123,431,303,128
2022-09-22,8,228,172,56
2022-11-13,78,75,22,53
2022-01-16,101,316,160,156
2021-11-01,87,446,27,419
2022-03-23,127,86,19,67
2023-06-19,205,60,34,26
2023-03-10,4,273,163,110
2023-08-19,11,401,198,203
2023-08-06,11,330,190,140
2022-06-04,69,171,123,48
2022-05-18,57,322,14,308
2022-06-02,29,397,203,194
2022-05-03,51,79,64,15
2023-07-26,69,415,77,338
2023-06-19,153,100,87,13
2023-02-07,35,102,15,87
2023-05-23,24,336,36,300
2021-12-20,29,337,283,54
2022-09-11,4,80,18,62
2022-09-21,27,79,76,3
2021-12-20,22,279,207,72
2023-03-12,190,150,61,89
2022-04-22,132,60,20,40
2022-11-29,15,103,87,16
2022-09-09,105,464,26,438
2021-12-26,43,132,26,106
2022-01-12,47,327,6,321
2022-01-26,8,357,51,306
2023-02-04,147,248,139,109
2022-12-30,56,321,242,79
2022-08-30,100,112,16,96
2023-02-08,112,88,20,68
2023-04-05,173,127,125,2
2023-05-29,4,489,169,320
2023-08-14,56,90,24,66
2022-10-25,39,432,234,198
2023-04-08,8,341,185,156
2021-10-28,17,295,172,123
2023-08-15,206,308,165,143
2023-01-21,72,345,27,318
2022-05-01,27,353,236,117
2022-06-28,159,411,404,7
2022-04-29,5,158,101,57
2022-08-10,26,352,183,169
2023-08-28,13,219,123,96
2022-02-13,123,193,10,183
2022-11-28,10,135,12,123
2021-12-31,60,193,86,107
2021-12-24,19,158,130,28
2021-12-07,161,424,229,195
2021-10-20,8,197,52,145
2021-10-13,48,445,87,358
2022-09-05,29,272,120,152
2023-09-12,48,88,73,15
2023-01-11,150,322,234,88
2023-07-29,27,369,196,173
2023-09-21,26,366,14,352
2021-12-21,118,413,249,164
2022-04-13,119,84,49,35
2023-08-07,56,348,244,104
2023-08-08,56,205,118,87
2022-12-21,64,327,27,300
2022-09-10,5,407,362,45
2023-08-29,43,228,186,42
2023-09-02,94,130,99,31
2021-11-18,118,354,108,246
2023-02-04,11,174,105,69
2022-01-20,50,341,305,36
2021-10-15,60,196,81,115
2022-07-10,39,414,278,136
2022-12-31,207,110,30,80
2023-09-24,153,364,270,94
2022-11-12,33,456,147,309
2022-02-18,43,57,46,11
2022-12-13,33,395,356,39
2023-04-08,16,258,141,117
2021-12-23,27,454,385,69
2022-06-16,125,436,410,26
2023-07-05,24,206,125,81
2023-08-06,18,111,37,74
2023-09-02,39,197,109,88
2023-07-21,27,479,13,466
2022-07-04,43,275,275,0
2022-11-26,64,68,18,50
2023-01-25,45,212,75,137
2021-10-29,45,410,277,133
2022-05-30,29,435,288,147
2021-11-25,18,355,225,130
2023-08-01,15,406,333,73
2021-11-15,15,165,137,28
2023-08-05,24,432,408,24
2023-09-12,101,108,10,98
2022-12-23,56,454,389,65
2022-03-20,60,124,47,77
2023-04-16,18,149,50,99
2022-05-03,5,99,77,22
2023-08-18,19,310,281,29
2022-04-07,138,347,293,54
2022-12-07,27,294,148,146
2022-02-14,42,474,235,239
2022-02-01,17,313,151,162
2021-10-29,4,79,60,19
2022-05-15,57,60,50,10
2023-05-19,18,408,276,132
2023-04-02,13,173,19,154
2022-07-23,186,337,73,264
2023-03-10,56,236,216,20
2023-05-15,27,196,107,89
2022-05-23,30,480,463,17
2022-09-13,208,192,166,26
2021-10-13,38,412,303,109
2023-08-26,22,178,154,24
2022-11-08,24,447,27,420
2022-01-26,209,471,423,48
2022-06-13,27,428,394,34
2023-08-29,44,62,31,31
2022-03-10,122,229,202,27
2022-11-17,150,75,5,70
2023-03-07,13,315,231,84
2023-03-12,57,405,395,10
2022-05-25,60,286,107,179
2023-09-20,44,126,57,69
2023-09-24,27,270,241,29
2023-01-15,8,262,228,34
2022-08-11,22,366,112,254
2023-04-13,113,145,35,110
2023-05-12,39,342,294,48
2022-05-02,18,202,59,143
2022-02-12,27,343,84,259
2022-03-07,15,120,24,96
2022-08-20,19,326,299,27
2022-11-23,173,184,29,155
2023-06-29,39,121,64,57
2022-02-22,123,395,302,93
2022-11-11,49,490,66,424
2023-06-08,26,91,59,32
2021-10-21,85,440,439,1
2023-01-25,13,66,24,42
2023-02-27,17,354,241,113
2023-01-31,8,100,68,32
2022-09-28,60,493,60,433
2023-04-16,128,381,176,205
2023-08-31,39,232,52,180
2021-11-23,17,427,114,313
2022-11-29,45,321,99,222
2023-08-12,210,367,266,101
2023-04-10,24,54,18,36
2023-01-31,26,399,103,296
2023-09-08,27,468,439,29
2023-09-06,28,302,55,247
2023-05-16,19,286,273,13
2023-05-07,211,449,341,108
2023-02-06,56,67,52,15
2023-08-17,29,92,33,59
2023-01-08,209,440,113,327
2022-12-10,8,484,152,332
2022-05-07,212,441,289,152
2022-05-10,8,383,44,339
2023-09-28,5,289,187,102
2022-05-14,127,367,218,149
2023-04-02,71,347,284,63
2023-08-13,81,479,473,6
2021-12-03,44,282,195,87
2022-04-28,24,349,220,129
2022-06-29,187,477,403,74
2021-11-04,26,456,218,238
2022-06-24,24,122,121,1
2023-09-20,44,394,58,336
2022-08-17,17,51,39,12
2022-07-09,11,361,73,288
2023-01-14,27,150,107,43
2022-09-05,26,460,424,36
2022-12-12,44,267,53,214
2022-04-25,133,346,203,143
2022-03-09,15,145,79,66
2023-01-11,56,186,81,105
2022-08-15,29,105,69,36
2022-01-15,5,102,32,70
2023-07-07,43,282,10,272
2022-09-29,121,214,148,66
2023-06-07,49,398,90,308
2022-11-06,113,302,210,92
2022-04-21,32,150,59,91
2022-01-22,10,312,263,49
2022-04-10,213,431,23,408
2021-12-22,39,268,75,193
2023-03-19,22,274,211,63
2023-01-17,22,51,24,27
2023-06-30,57,372,366,6
2022-08-03,11,296,292,4
2022-06-07,24,115,42,73
2022-04-02,26,181,128,53
2021-10-28,161,445,147,298
2022-11-08,13,289,109,180
2022-06-18,57,410,118,292
2023-03-15,115,226,85,141
2021-10-14,91,169,165,4
2022-01-14,11,223,208,15
2022-04-17,41,446,193,253
2022-11-02,18,434,326,108
2023-08-16,181,429,19,410
2022-09-30,13,278,274,4
2021-11-24,130,253,85,168
2023-01-25,18,50,2,48
2022-08-19,103,152,145,7
2022-05-10,8,154,138,16
2022-05-09,15,481,284,197
2021-11-14,126,247,223,24
2023-05-02,122,105,26,79
2022-09-27,181,368,8,360
2022-03-11,13,341,2,339
2022-02-15,187,197,123,74
2023-03-09,13,228,94,134
2023-04-02,8,337,3,334
2023-07-24,174,424,208,216
2023-08-29,15,177,156,21
2022-09-08,39,400,148,252
2022-05-26,15,383,315,68
2023-08-12,39,201,68,133
2023-05-28,114,396,224,172
2023-09-08,113,500,386,114
2022-04-14,185,177,94,83
2023-05-24,101,214,70,144
2022-05-09,24,219,86,133
2022-07-12,8,162,152,10
2022-09-04,56,281,260,21
2022-09-04,120,181,51,130
2022-02-19,56,160,13,147
2023-05-27,67,83,10,73
2021-11-24,60,110,81,29
2023-09-07,126,423,354,69
2023-02-09,82,205,88,117
2021-11-12,83,139,75,64
2023-07-01,37,216,17,199
2021-12-10,194,318,169,149
2022-06-14,121,432,225,207
2021-10-13,33,235,173,62
2023-07-21,39,109,84,25
2022-02-07,128,119,23,96
2023-05-29,39,328,39,289
2022-09-15,13,354,206,148
2023-07-02,11,417,316,101
2022-09-19,57,337,151,186
2023-03-15,15,291,172,119
2022-05-27,105,496,44,452
2023-05-25,27,395,336,59
2021-10-26,136,122,42,80
2021-11-10,22,499,383,116
2023-02-14,17,143,132,11
2022-03-13,37,62,38,24
2023-01-29,43,244,197,47
2023-04-21,56,303,95,208
2023-09-26,57,265,77,188
2023-03-24,26,451,308,143
2022-10-13,5,496,466,30
2023-01-21,43,110,31,79
2022-08-01,29,300,279,21
2021-10-19,87,361,150,211
2023-02-17,17,112,43,69
2023-03-31,130,74,72,2
2022-10-07,43,320,299,21
2023-05-12,26,172,136,36
2022-06-20,48,366,316,50
2022-07-22,4,162,73,89
2022-05-07,51,121,60,61
2022-10-28,150,430,103,327
2023-04-18,214,158,87,71
2022-12-06,57,433,22,411
2022-04-23,103,294,23,271
2022-10-27,17,495,332,163
2021-12-18,17,500,440,60
2023-04-16,155,198,94,104
2023-08-22,4,207,25,182
2023-04-06,92,167,57,110
2023-06-07,24,74,38,36
2023-06-13,29,200,17,183
2023-04-01,112,73,28,45
2022-10-17,29,431,233,198
2022-08-05,4,418,216,202
2023-07-15,8,473,133,340
2022-09-27,18,403,298,105
2022-08-28,92,394,234,160
2022-08-05,167,379,299,80
2022-05-22,17,178,48,130
2022-02-23,26,133,39,94
2022-02-01,19,407,274,133
2023-09-23,58,355,129,226
2023-09-17,215,302,202,100
2022-06-20,44,497,252,245
2023-05-18,38,187,185,2
2022-05-05,11,168,150,18
2023-06-11,53,337,211,126
2022-08-26,94,429,206,223
2023-08-13,120,366,162,204
2022-12-07,39,101,85,16
2021-11-29,27,209,177,32
2023-06-29,27,412,396,16
2022-08-11,56,302,148,154
2021-12-22,80,482,332,150
2023-01-14,132,256,91,165
2023-09-13,18,441,367,74
2022-01-01,4,172,124,48
2022-11-07,86,324,56,268
2022-10-20,39,89,89,0
2022-07-08,43,299,105,194
2023-03-11,10,446,60,386
2022-05-06,11,258,1,257
2023-02-20,24,182,66,116
2022-04-29,161,428,138,290
2023-09-04,60,380,333,47
2021-12-20,4,86,17,69
2023-03-07,118,190,93,97
2022-02-11,12,392,233,159
2021-10-27,24,271,175,96
2022-02-01,22,132,118,14
2022-03-13,22,176,29,147
2021-12-05,105,187,34,153
2022-07-31,34,97,96,1
2022-12-31,124,89,8,81
2022-11-17,82,110,48,62
2023-01-16,28,461,123,338
2021-10-20,43,326,49,277
2022-08-08,136,465,163,302
2023-05-08,143,311,273,38
2023-07-06,61,392,128,264
2023-04-11,132,366,128,238
2023-07-22,23,187,159,28
2022-04-11,24,121,22,99
2022-08-02,143,292,60,232
2022-05-23,41,385,79,306
2023-01-25,43,483,402,81
2021-12-03,44,271,33,238
2023-02-06,17,290,71,219
2023-09-11,44,280,259,21
2023-03-19,56,328,42,286
2022-12-06,56,100,16,84
2022-04-12,87,399,167,232
2022-05-24,130,225,194,31
2023-01-11,42,436,377,59
2022-11-09,39,394,18,376
2022-04-26,56,244,27,217
2023-09-28,2,220,43,177
2022-12-11,18,166,87,79
2023-01-01,27,171,19,152
2023-03-26,10,279,190,89
2022-04-26,2,181,70,111
2022-12-29,48,221,167,54
2022-03-28,19,491,124,367
2022-02-22,135,60,6,54
2022-06-19,18,109,31,78
2022-11-04,19,420,242,178
2023-01-17,19,374,54,320
2023-04-07,99,142,33,109
2023-01-07,103,435,378,57
2021-11-04,4,317,89,228
2023-02-27,24,240,228,12
2023-09-27,56,242,48,194
2021-10-19,30,293,174,119
2021-11-10,79,51,25,26
2022-04-30,15,225,7,218
2022-09-14,19,363,20,343
2022-06-30,5,216,140,76
2022-12-27,161,67,33,34
2021-11-07,5,225,91,134
2023-08-03,54,92,22,70
2021-11-29,216,349,325,24
2023-03-13,4,457,181,276
2023-06-01,19,373,115,258
2022-03-14,26,80,8,72
2022-07-28,26,193,98,95
2021-12-04,70,462,199,263
2022-12-07,19,285,123,162
2022-12-15,174,394,15,379
2022-03-30,44,190,134,56
2021-12-30,29,295,219,76
2022-12-14,71,436,311,125
2023-09-10,26,499,127,372
2022-12-03,57,168,112,56
2023-09-10,145,482,134,348
2022-07-19,15,81,36,45
2022-07-11,21,110,48,62
2022-07-12,13,374,274,100
2022-07-01,62,376,218,158
2022-02-09,60,154,64,90
2021-10-01,103,108,48,60
2023-08-18,17,334,329,5
2023-04-21,8,258,56,202
2022-02-12,5,493,418,75
2023-01-17,103,273,238,35
2022-12-03,57,346,313,33
2022-10-05,217,242,8,234
2023-03-20,138,105,64,41
2023-02-05,57,221,177,44
2021-10-27,87,500,213,287
2023-01-05,105,85,50,35
2023-08-06,48,471,354,117
2023-01-20,13,207,127,80
2023-04-14,13,124,56,68
2022-07-10,122,271,219,52
2023-03-07,94,356,280,76
2022-05-20,4,425,259,166
2023-04-20,1,152,23,129
2023-01-12,17,63,14,49
2022-08-29,72,282,259,23
2022-09-18,24,156,35,121
2022-08-10,15,316,248,68
2022-09-15,16,351,31,320
2023-09-04,115,346,127,219
2022-01-11,60,292,167,125
2023-06-14,22,254,95,159
2022-10-29,69,292,98,194
2022-09-05,71,319,91,228
2023-07-12,57,63,7,56
2022-05-24,29,302,42,260
2022-06-02,11,456,364,92
2022-04-23,8,436,1,435
2023-05-05,19,428,134,294
2022-07-10,18,317,143,174
2022-01-24,85,431,365,66
2023-07-29,105,98,92,6
2021-11-09,22,382,344,38
2022-07-09,29,376,360,16
2022-09-10,57,267,181,86
2021-12-09,196,109,74,35
2022-02-26,80,487,275,212
2022-05-03,41,324,229,95
2022-11-10,58,260,186,74
2022-10-10,181,244,219,25
2022-05-20,19,411,297,114
2022-12-10,56,482,246,236
2022-08-24,33,288,177,111
2022-05-26,27,364,38,326
2022-05-27,44,429,321,108
2022-01-24,39,415,32,383
2023-01-24,60,87,25,62
2023-01-15,26,349,312,37
2022-03-30,8,225,190,35
2022-08-10,15,405,275,130
2022-09-21,23,174,158,16
2022-03-28,13,330,88,242
2022-10-03,17,234,33,201
2021-10-27,49,433,309,124
2022-08-31,160,309,83,226
2023-07-19,44,192,166,26
2022-07-01,5,377,301,76
2021-12-25,173,258,32,226
2023-01-10,29,67,65,2
2023-05-27,59,283,65,218
2023-08-22,60,296,11,285
2023-08-08,57,215,93,122
2022-03-07,27,108,29,79
2023-08-04,135,324,79,245
2022-05-28,218,384,312,72
2021-11-15,219,201,164,37
2021-12-04,19,212,47,165
2021-11-08,11,252,171,81
2023-03-07,17,421,148,273
2023-06-25,34,132,102,30
2022-10-14,8,118,20,98
2023-03-28,5,239,198,41
2022-09-12,135,234,91,143
2023-02-04,43,419,126,293
2021-11-06,58,151,12,139
2021-10-10,60,329,25,304
2022-09-10,69,346,253,93
2021-12-29,17,58,32,26
2022-12-16,44,454,305,149
2022-06-26,5,162,114,48
2021-12-26,19,92,1,91
2022-09-24,13,374,313,61
2021-11-17,76,63,32,31
2022-05-26,43,222,129,93
2022-09-25,47,324,36,288
2023-03-10,15,325,81,244
2023-05-30,64,155,84,71
2023-05-06,18,171,79,92
2023-04-27,18,451,328,123
2022-11-27,57,58,30,28
2023-06-23,19,311,154,157
2023-09-25,22,329,135,194
2022-01-21,13,79,36,43
2022-05-10,26,87,56,31
2022-04-21,114,259,181,78
2022-03-21,119,351,200,151
2021-12-30,159,341,42,299
2023-01-11,168,113,39,74
2022-01-09,86,50,6,44
2023-02-18,8,180,177,3
2021-10-23,97,465,24,441
2022-07-17,122,204,104,100
2023-04-27,18,186,116,70
2022-03-31,17,434,187,247
2023-04-08,26,66,22,44
2022-08-27,11,259,184,75
2023-02-18,47,97,91,6
2023-02-02,15,227,21,206
2023-03-20,91,374,77,297
2022-06-11,56,243,93,150
2022-05-26,182,396,345,51
2021-12-13,56,410,138,272
2022-05-03,113,446,92,354
2021-11-03,99,337,252,85
2022-10-23,142,72,64,8
2023-09-15,44,65,5,60
2023-06-04,103,416,49,367
2022-11-28,27,258,146,112
2022-01-24,79,357,119,238
2023-07-11,39,381,130,251
2022-02-24,15,103,58,45
2023-08-02,60,323,319,4
2022-08-28,127,195,107,88
2021-11-19,8,453,94,359
2022-10-25,24,152,101,51
2022-11-28,23,91,84,7
2022-09-02,4,71,26,45
2023-09-14,4,124,115,9
2023-06-13,18,471,156,315
2023-03-27,29,375,271,104
2023-08-12,8,93,63,30
2022-07-07,94,482,262,220
2022-03-07,19,163,133,30
2021-11-17,26,424,121,303
2022-11-18,44,283,248,35
2022-10-20,47,420,240,180
2022-06-11,120,403,161,242
2021-10-06,15,199,46,153
2023-04-26,27,397,226,171
2023-07-16,101,450,52,398
2023-06-24,18,368,324,44
2021-10-31,27,339,137,202
2023-08-03,13,295,85,210
2023-09-11,89,362,310,52
2022-06-15,54,363,105,258
2023-08-18,117,420,104,316
2022-07-27,11,107,17,90
2022-09-14,115,235,202,33
2023-04-08,24,104,64,40
2022-03-15,11,138,137,1
2023-09-28,131,68,5,63
2022-01-30,4,464,72,392
2023-05-27,39,416,82,334
2023-06-22,39,112,15,97
2023-09-17,39,364,355,9
2022-12-09,59,392,226,166
2022-02-17,120,215,132,83
2022-01-26,22,288,91,197
2022-06-06,132,161,46,115
2022-05-30,48,434,112,322
2023-08-23,4,145,4,141
2022-11-05,187,290,74,216
2023-09-23,78,106,17,89
2023-01-15,133,98,55,43
2023-04-30,24,379,249,130
2022-06-04,27,381,275,106
2023-03-09,8,329,264,65
2023-06-19,17,396,319,77
2022-09-17,43,364,362,2
2021-10-15,133,449,334,115
2022-12-14,27,192,12,180
2023-05-02,11,341,202,139
2022-11-26,39,341,303,38
2021-12-20,60,169,116,53
2022-01-01,18,257,208,49
2023-05-06,103,365,22,343
2023-09-26,27,183,159,24
2023-01-26,71,199,198,1
2022-11-10,4,202,1,201
2022-03-15,11,369,2,367
2022-04-24,71,130,14,116
2022-04-29,4,66,65,1
2022-10-09,5,64,47,17
2022-06-13,220,185,16,169
2021-10-14,15,213,182,31
2023-05-07,15,202,103,99
2023-08-09,19,445,1,444
2023-07-20,93,61,32,29
2022-03-09,30,472,415,57
2023-05-21,185,480,20,460
2023-02-20,27,391,92,299
2022-12-19,56,252,237,15
2023-01-14,131,369,215,154
2023-06-29,5,236,131,105
2022-04-17,86,93,50,43
2023-01-20,126,429,236,193
2022-12-24,11,137,51,86
2022-07-27,56,110,108,2
2023-08-16,64,164,56,108
2022-04-06,131,233,128,105
2022-04-11,26,358,159,199
2021-11-24,99,320,274,46
2023-06-03,8,491,454,37
2023-01-10,69,64,50,14
2022-03-03,11,272,113,159
2022-12-19,164,124,19,105
2022-05-13,52,464,180,284
2022-04-16,22,222,71,151
2023-05-27,221,337,209,128
2023-07-08,4,210,170,40
2022-01-31,27,81,19,62
2022-06-27,4,144,85,59
2023-05-28,181,499,129,370
2022-03-22,109,195,93,102
2023-03-07,44,300,77,223
2023-03-29,24,342,5,337
2022-08-16,6,142,90,52
2023-06-02,19,206,84,122
2021-12-11,222,472,150,322
2023-05-31,29,365,15,350
2023-03-11,15,267,83,184
2023-09-05,164,317,81,236
2023-09-28,59,421,72,349
2022-01-05,64,386,274,112
2022-10-02,43,420,348,72
2023-06-16,54,282,170,112
2022-05-25,24,368,72,296
2023-03-11,11,67,36,31
2022-01-28,44,331,140,191
2022-03-08,223,94,35,59
2023-09-05,43,299,3,296
2022-07-28,123,237,190,47
2021-12-31,39,376,189,187
2022-02-03,22,107,107,0
2022-04-22,27,303,125,178
2023-09-21,43,370,98,272
2023-07-08,56,398,190,208
2023-01-19,11,472,434,38
2023-04-06,60,469,299,170
2023-09-25,13,331,160,171
2022-12-12,72,283,235,48
2022-09-03,57,210,28,182
2023-07-07,56,481,341,140
2022-10-06,50,89,10,79
2022-11-14,176,245,47,198
2022-06-22,43,141,122,19
2023-07-26,29,411,2,409
2022-11-22,26,340,297,43
2023-08-09,26,443,312,131
2022-10-01,17,444,394,50
2022-09-21,18,395,18,377
2023-08-22,39,417,37,380
2022-11-16,57,229,35,194
2022-05-14,39,490,63,427
2022-10-01,87,424,307,117
2023-06-16,110,183,127,56
2023-05-14,39,335,13,322
2022-08-29,160,232,199,33
2022-02-08,224,444,17,427
2022-03-18,43,275,73,202
2023-08-12,44,436,299,137
2023-09-16,159,426,153,273
2022-05-04,225,159,22,137
2022-07-19,71,308,90,218
2023-07-21,39,500,219,281
2022-06-30,5,244,13,231
2023-01-30,82,455,204,251
2021-12-04,5,423,332,91
2023-06-21,13,293,188,105
2022-03-31,13,466,360,106
2022-10-27,13,258,153,105
2022-08-06,45,60,12,48
2022-07-09,67,233,26,207
2022-07-08,18,473,281,192
2023-03-08,57,110,91,19
2022-03-04,11,301,214,87
2023-01-18,13,173,68,105
2022-05-27,82,312,71,241
2023-08-22,4,279,95,184
2021-11-30,39,129,65,64
2023-09-25,56,379,123,256
2022-07-02,26,169,101,68
2022-10-23,11,162,161,1
2023-08-20,153,57,17,40
2022-02-12,120,311,182,129
2023-09-09,134,50,25,25
2021-10-31,29,483,442,41
2022-05-31,22,284,246,38
2023-01-20,75,218,12,206
2023-09-15,22,297,200,97
2023-05-12,44,477,376,101
2023-09-27,60,418,20,398
2022-06-18,4,332,173,159
2023-06-03,97,269,5,264
2022-02-03,45,176,63,113
2023-03-03,39,343,196,147
2022-08-08,56,322,211,111
2023-07-02,44,377,250,127
2023-09-14,226,180,138,42
2022-10-17,90,293,276,17
2023-04-10,107,185,108,77
2023-02-17,166,155,132,23
2022-11-17,18,243,164,79
2022-10-31,15,480,120,360
2023-07-16,164,405,179,226
2022-07-17,102,326,32,294
2022-12-06,81,97,2,95
2022-08-17,57,435,117,318
2022-09-27,4,217,49,168
2023-02-18,17,372,45,327
2023-05-15,90,290,193,97
2021-11-08,123,428,304,124
2023-09-14,5,165,28,137
2022-09-10,11,252,193,59
2023-07-02,13,364,210,154
2022-05-27,17,387,380,7
2021-12-02,32,185,53,132
2022-02-18,39,479,214,265
2022-04-11,22,210,63,147
2022-03-08,64,335,243,92
2023-04-22,129,438,393,45
2021-11-15,162,240,224,16
2021-10-07,17,209,132,77
2022-04-24,19,143,113,30
2023-04-20,22,102,11,91
2022-09-04,19,354,110,244
2022-06-17,26,192,109,83
2022-07-04,15,211,19,192
2021-11-29,105,91,10,81
2022-12-11,81,299,116,183
2022-11-27,56,348,312,36
2023-02-03,13,500,372,128
2022-03-16,41,261,72,189
2022-09-03,17,209,121,88
2023-02-01,227,245,136,109
2023-03-16,78,388,325,63
2022-02-12,11,85,69,16
2022-06-11,5,170,1,169
2022-04-02,47,89,69,20
2022-03-20,103,273,244,29
2021-12-25,11,482,20,462
2022-12-17,57,334,121,213
2022-01-21,56,407,268,139
2022-02-18,19,78,75,3
2023-03-01,60,266,111,155
2023-07-28,29,377,29,348
2023-08-30,16,250,36,214
2022-06-03,90,201,51,150
2023-09-28,79,147,53,94
2023-06-07,24,385,379,6
2023-01-23,145,260,14,246
2022-10-12,29,60,23,37
2022-05-05,56,330,83,247
2022-08-10,122,423,4,419
2021-10-06,44,79,63,16
2022-03-01,153,83,33,50
2022-06-22,8,261,193,68
2021-11-12,76,207,164,43
2022-01-13,56,205,103,102
2023-07-20,118,242,12,230
2023-08-02,27,357,56,301
2023-08-09,52,168,49,119
2023-06-27,24,287,64,223
2022-10-29,54,466,274,192
2021-11-28,136,304,209,95
2023-04-06,196,185,76,109
2022-02-01,7,443,252,191
2023-02-02,112,404,66,338
2022-05-18,44,321,253,68
2023-05-29,56,202,136,66
2021-11-19,26,393,62,331
2022-11-18,22,390,334,56
2022-12-31,24,463,6,457
2023-08-19,45,136,60,76
2022-03-25,17,214,156,58
2021-11-25,124,274,128,146
2022-10-20,56,496,257,239
2021-12-11,18,377,316,61
2022-09-12,27,472,96,376
2022-11-16,15,153,24,129
2023-06-02,24,189,75,114
2022-12-12,17,88,27,61
2023-07-18,13,377,59,318
2022-03-05,164,461,226,235
2022-03-11,46,179,143,36
2023-05-21,24,78,13,65
2023-09-24,107,399,285,114
2022-08-09,76,367,251,116
2023-02-17,123,385,233,152
2023-08-09,22,424,338,86
2022-03-13,166,448,1,447
2023-06-11,13,308,159,149
2023-03-17,10,476,164,312
2022-03-08,15,282,48,234
2022-08-16,37,253,162,91
2022-06-30,196,201,194,7
2022-12-14,15,70,10,60
2023-08-23,116,302,64,238
2022-03-26,75,479,195,284
2022-12-15,32,286,186,100
2022-03-04,115,201,60,141
2022-10-06,98,322,293,29
2022-07-06,77,305,31,274
2023-07-30,56,365,28,337
2022-07-18,85,147,147,0
2023-09-17,77,120,16,104
2023-01-06,60,132,10,122
2023-03-03,10,489,59,430
2023-01-12,11,484,202,282
2021-12-09,81,187,111,76
2022-09-24,103,176,44,132
2022-12-08,39,68,13,55
2023-03-28,17,423,254,169
2023-01-15,8,375,306,69
2021-12-27,44,384,241,143
2023-01-05,122,58,7,51
2023-07-28,39,387,355,32
2022-01-07,228,61,34,27
2022-01-01,19,430,414,16
2023-04-18,91,215,126,89
2023-09-03,181,361,106,255
2022-04-13,28,108,26,82
2023-04-02,57,51,19,32
2022-01-17,17,233,161,72
2023-09-12,26,241,39,202
2023-08-21,60,293,216,77
2023-06-09,22,165,23,142
2022-04-07,24,455,216,239
2022-01-18,146,456,403,53
2022-08-05,7,444,36,408
2023-04-06,98,311,157,154
2023-03-01,130,215,202,13
2023-04-22,93,211,120,91
2023-04-23,97,161,89,72
2023-09-22,57,420,292,128
2021-11-21,166,318,228,90
2023-09-20,83,426,390,36
2022-09-01,41,398,57,341
2022-10-24,78,123,28,95
2021-09-30,26,458,55,403
2022-11-23,56,305,111,194
2022-01-23,11,305,132,173
2023-06-08,57,443,146,297
2023-06-05,24,361,347,14
2022-11-15,29,66,17,49
2023-03-12,65,456,447,9
2021-10-22,29,108,71,37
2022-07-04,27,135,50,85
2023-03-23,126,407,1,406
2022-09-05,17,133,93,40
2021-10-27,98,101,64,37
2021-11-22,60,462,202,260
2022-07-22,15,180,133,47
2021-11-08,13,270,268,2
2022-08-22,69,271,25,246
2023-03-23,56,371,237,134
2023-06-09,8,162,101,61
2022-06-23,181,178,71,107
2021-10-14,6,184,71,113
2023-08-08,57,99,7,92
2022-11-01,80,131,124,7
2022-05-16,18,304,106,198
2022-05-26,8,157,79,78
2021-10-23,5,231,152,79
2022-07-04,24,500,93,407
2023-05-11,17,114,12,102
2023-06-18,19,129,7,122
2022-06-25,188,66,39,27
2022-09-03,138,322,31,291
2022-01-06,229,451,147,304
2022-01-19,81,432,394,38
2021-11-21,123,415,307,108
2023-07-03,15,70,17,53
2022-02-28,103,375,295,80
2023-09-15,8,111,22,89
2022-05-15,230,160,19,141
2022-08-10,24,436,158,278
2022-03-31,231,87,84,3
2022-01-03,60,485,389,96
2021-12-26,4,391,175,216
2021-11-12,136,467,62,405
2023-03-27,17,361,21,340
2022-01-12,15,81,9,72
2023-02-21,17,433,141,292
2023-04-16,18,145,145,0
2022-01-25,27,132,82,50
2023-01-11,9,417,294,123
2021-10-11,15,101,56,45
2021-11-04,39,408,337,71
2021-12-07,110,336,237,99
2021-10-02,5,53,52,1
2021-10-07,39,210,112,98
2023-01-13,60,104,99,5
2023-08-24,44,380,205,175
2022-01-12,39,132,71,61
2023-08-01,24,112,46,66
2022-03-27,22,222,61,161
2023-07-16,136,446,410,36
2022-01-01,97,207,189,18
2021-10-26,147,384,114,270
2022-08-15,60,322,65,257
2022-02-19,75,140,45,95
2023-06-15,27,419,112,307
2022-12-25,82,69,7,62
2022-02-04,11,296,95,201
2022-02-11,86,89,34,55
2023-07-09,60,193,161,32
2023-07-05,60,311,277,34
2022-01-06,130,376,9,367
2023-08-18,44,253,151,102
2022-01-30,75,195,180,15
2023-07-21,18,54,25,29
2022-12-04,99,322,64,258
2022-12-22,11,372,329,43
2022-05-16,27,369,105,264
2023-06-02,60,366,133,233
2022-06-19,2,417,96,321
2023-01-05,27,173,136,37
2021-11-16,44,266,220,46
2021-10-04,86,160,44,116
2022-08-17,27,159,145,14
2022-01-26,19,58,16,42
2023-03-17,166,443,251,192
2022-03-06,190,419,116,303
2023-02-19,62,217,197,20
2022-10-06,44,270,214,56
2023-07-18,26,434,152,282
2022-03-24,44,489,102,387
2021-12-10,43,118,87,31
2022-05-04,29,59,51,8
2022-06-17,166,94,58,36
2023-08-02,103,436,157,279
2023-02-13,85,195,174,21
2022-08-25,174,323,143,180
2022-04-24,84,467,111,356
2023-05-14,13,464,445,19
2021-11-22,5,263,230,33
2022-07-14,93,241,59,182
2023-04-26,27,292,103,189
2023-03-23,107,230,223,7
2022-04-09,32,471,97,374
2023-09-11,60,244,83,161
2022-03-25,126,211,72,139
2022-03-24,60,426,328,98
2022-10-29,49,198,144,54
2023-09-09,114,53,45,8
2022-04-08,15,174,7,167
2022-04-25,49,139,18,121
2022-07-11,11,422,341,81
2022-08-02,159,215,65,150
2022-01-08,17,243,82,161
2023-04-21,8,251,76,175
2023-02-20,15,66,39,27
2021-10-19,27,258,182,76
2023-09-03,27,222,197,25
2022-09-04,18,453,14,439
2023-04-13,44,351,320,31
2023-09-15,13,97,68,29
2022-01-03,135,270,10,260
2021-12-27,27,182,32,150
2021-11-02,34,375,39,336
2023-09-17,11,406,102,304
2022-06-06,27,474,226,248
2022-11-26,6,320,206,114
2022-04-17,38,292,50,242
2021-11-22,8,248,8,240
2022-02-14,43,479,220,259
2023-02-06,8,449,70,379
2023-01-12,60,414,262,152
2022-01-17,26,419,394,25
2022-05-19,26,380,103,277
2023-07-10,57,330,304,26
2021-12-14,18,347,285,62
2022-12-18,47,293,250,43
2023-09-08,111,146,42,104
2023-01-04,22,440,331,109
2022-03-17,19,391,258,133
2021-10-25,128,298,176,122
2023-06-25,27,331,285,46
2022-11-02,11,499,245,254
2023-04-07,90,371,328,43
2022-03-02,13,94,60,34
2021-11-11,143,132,89,43
2023-06-13,5,59,4,55
2021-11-24,15,233,55,178
2023-03-29,164,298,230,68
2022-03-21,27,213,91,122
2023-07-24,58,107,51,56
2023-07-08,43,390,10,380
2023-03-26,22,389,51,338
2022-09-05,13,397,70,327
2021-12-05,113,122,27,95
2022-03-06,8,140,98,42
2022-08-01,105,154,126,28
2023-08-18,19,396,62,334
2023-09-09,4,223,189,34
2023-03-31,57,434,419,15
2022-10-31,8,218,203,15
2022-09-02,11,134,97,37
2023-07-15,62,261,191,70
2023-06-02,11,292,187,105
2022-06-05,27,154,83,71
2023-01-19,29,212,98,114
2022-02-10,60,269,101,168
2023-09-26,39,61,24,37
2022-07-14,26,74,45,29
2022-11-07,8,155,57,98
2021-10-04,97,201,14,187
2022-11-12,13,274,163,111
2023-08-23,22,380,93,287
2023-08-16,44,191,125,66
2023-04-13,154,462,179,283
2022-10-08,129,263,183,80
2023-07-03,91,228,28,200
2022-05-18,4,112,56,56
2023-07-21,15,474,217,257
2021-12-08,18,238,160,78
2022-07-27,19,198,69,129
2022-07-16,54,376,131,245
2022-02-01,60,225,73,152
2023-06-28,34,380,184,196
2022-03-14,150,477,419,58
2022-08-12,50,279,9,270
2022-04-09,5,338,143,195
2022-11-09,11,226,124,102
2023-07-20,27,410,373,37
2023-05-15,56,87,35,52
2023-01-17,82,102,64,38
2022-01-22,60,82,78,4
2022-12-10,4,439,173,266
2022-05-10,57,307,152,155
2023-07-07,57,448,99,349
2022-04-25,110,307,83,224
2022-05-19,69,277,217,60
2022-09-17,97,440,172,268
2022-08-19,232,97,75,22
2022-01-08,29,223,153,70
2022-03-02,45,209,193,16
2022-09-19,87,145,102,43
2023-06-30,11,254,107,147
2022-07-04,31,329,274,55
2022-06-02,25,195,171,24
2023-05-26,233,124,112,12
2022-02-07,26,281,241,40
2022-03-16,26,298,283,15
2021-11-11,143,123,91,32
2023-04-23,39,345,61,284
2021-11-14,51,469,420,49
2023-02-01,45,107,57,50
2022-09-25,17,445,62,383
2022-12-07,4,206,194,12
2022-04-03,26,452,344,108
2021-12-27,29,368,100,268
2022-04-01,32,487,318,169
2022-03-24,8,343,334,9
2023-05-26,173,218,165,53
2021-11-24,44,461,98,363
2022-07-29,234,168,167,1
2022-03-10,160,119,24,95
2021-12-13,210,463,24,439
2022-06-02,11,90,32,58
2022-03-22,165,136,12,124
2022-04-15,26,320,312,8
2022-01-18,145,430,352,78
2022-06-24,82,126,110,16
2022-03-06,235,492,380,112
2023-09-11,57,255,35,220
2022-11-10,166,78,62,16
2022-06-17,26,500,477,23
2022-03-05,22,148,71,77
2022-08-11,8,110,110,0
2022-03-24,13,323,212,111
2022-12-16,43,284,46,238
2023-06-09,139,359,30,329
2021-11-29,5,108,4,104
2023-06-22,41,119,65,54
2023-07-19,26,433,60,373
2022-01-02,43,207,159,48
2021-11-05,8,72,37,35
2023-04-26,8,312,50,262
2023-08-26,57,65,9,56
2022-05-31,39,80,9,71
2021-11-21,19,400,100,300
2021-12-29,19,446,430,16
2022-08-13,19,189,16,173
2022-05-06,15,279,137,142
2022-08-29,24,448,95,353
2022-10-27,17,395,265,130
2023-09-13,22,95,15,80
2023-05-03,8,408,214,194
2023-07-29,15,237,96,141
2023-05-04,159,421,48,373
2023-09-16,15,368,178,190
2023-07-17,64,69,45,24
2022-06-22,236,131,37,94
2022-12-16,39,215,56,159
2023-05-20,134,203,54,149
2021-10-06,19,142,14,128
2022-10-21,15,333,265,68
2021-11-20,22,74,2,72
2023-06-28,49,222,110,112
2023-06-07,89,361,320,41
2022-03-02,2,353,105,248
2023-07-25,27,199,83,116
2022-12-16,44,217,37,180
2021-09-29,25,450,376,74
2023-01-18,4,470,76,394
2022-03-03,18,90,7,83
2023-08-06,11,186,42,144
2022-01-09,29,176,17,159
2022-04-06,27,461,130,331
2022-04-23,17,78,52,26
2023-05-14,15,126,33,93
2023-03-11,17,220,63,157
2023-04-05,23,272,217,55
2022-07-05,5,71,3,68
2023-05-06,63,263,236,27
2023-07-07,56,404,134,270
2023-01-04,56,173,11,162
2022-04-01,19,81,7,74
2022-11-25,27,483,250,233
2023-07-03,60,205,165,40
2023-09-19,5,354,88,266
2022-06-18,8,142,28,114
2023-01-24,147,422,345,77
2022-08-23,15,95,34,61
2023-07-07,142,191,96,95
2023-02-27,5,330,119,211
2023-09-06,43,323,251,72
2022-04-12,43,116,45,71
2022-07-30,60,216,206,10
2023-01-09,56,218,35,183
2021-11-12,153,281,193,88
2022-09-15,54,225,165,60
2023-05-27,41,489,362,127
2021-11-02,27,478,362,116
2022-09-12,166,256,151,105
2022-11-26,72,234,108,126
2023-01-22,92,337,251,86
2022-03-11,102,430,290,140
2021-11-25,206,285,120,165
2023-08-10,56,142,59,83
2023-05-26,237,240,220,20
2023-01-19,44,109,1,108
2023-01-26,91,210,156,54
2023-06-14,15,401,188,213
2023-07-28,4,297,18,279
2023-06-30,56,77,22,55
2023-05-19,52,96,53,43
2022-11-18,15,126,65,61
2022-06-26,13,332,12,320
2023-09-02,22,312,199,113
2022-04-14,22,372,260,112
2023-05-23,63,97,87,10
2022-10-31,29,67,36,31
2023-01-30,60,217,130,87
2023-05-07,98,329,262,67
2022-06-20,60,456,183,273
2022-12-09,41,181,30,151
2021-10-15,17,347,227,120
2022-03-19,5,250,169,81
2022-08-01,15,430,226,204
2023-09-19,7,282,34,248
2021-10-20,15,358,232,126
2021-11-25,185,55,41,14
2023-01-03,43,265,56,209
2021-10-31,39,369,127,242
2023-08-01,125,212,151,61
2022-03-18,145,269,74,195
2023-06-16,43,436,229,207
2023-07-02,4,204,80,124
2023-02-06,118,200,123,77
2023-03-20,22,193,87,106
2022-09-03,39,116,63,53
2023-04-08,173,209,176,33
2022-07-11,73,241,22,219
2023-08-13,5,460,222,238
2023-06-19,26,297,70,227
2023-06-05,27,264,251,13
2023-02-18,15,109,20,89
2022-05-01,176,195,100,95
2022-12-15,39,400,212,188
2022-11-07,27,462,283,179
2023-01-08,32,406,67,339
2022-05-31,11,50,40,10
2022-05-03,9,130,11,119
2023-01-10,15,287,54,233
2022-09-19,30,455,389,66
2023-01-04,149,353,235,118
2021-11-29,11,96,20,76
2022-11-25,60,445,137,308
2023-03-21,166,430,176,254
2023-04-29,19,170,133,37
2023-01-16,24,423,412,11
2022-05-29,91,397,182,215
2022-08-23,11,220,20,200
2023-06-29,187,407,110,297
2022-04-03,8,334,143,191
2022-11-19,60,80,68,12
2022-01-28,64,111,64,47
2022-08-11,27,404,131,273
2023-08-08,37,84,30,54
2022-07-08,114,454,284,170
2022-09-11,196,469,36,433
2022-08-14,113,306,280,26
2022-10-12,53,66,19,47
2022-02-01,176,238,9,229
2021-11-09,60,157,6,151
2022-01-14,56,431,289,142
2022-05-15,57,256,167,89
2023-07-03,27,239,92,147
2022-02-11,13,235,75,160
2022-03-01,127,425,123,302
2022-11-07,126,464,78,386
2023-01-31,238,69,49,20
2023-03-27,77,200,93,107
2022-05-12,101,387,238,149
2023-01-21,11,200,148,52
2022-11-28,13,366,122,244
2022-08-26,11,107,38,69
2021-10-13,3,290,107,183
2023-01-03,29,105,28,77
2023-08-12,29,155,44,111
2022-02-18,11,219,41,178
2023-01-09,18,480,159,321
2023-07-18,43,156,6,150
2022-12-16,78,272,11,261
2021-12-16,24,457,145,312
2023-01-23,57,336,313,23
2022-02-03,39,64,12,52
2022-01-23,119,446,231,215
2023-01-24,165,364,323,41
2023-06-14,29,85,27,58
2022-09-26,18,165,162,3
2021-10-22,68,269,228,41
2022-09-17,18,220,219,1
2021-11-07,57,348,119,229
2023-03-04,22,291,286,5
2023-04-17,18,135,48,87
2022-12-16,43,55,40,15
2021-10-31,138,143,143,0
2022-01-23,80,424,414,10
2022-07-25,4,206,67,139
2022-03-11,11,427,397,30
2021-10-17,18,155,136,19
2023-04-09,116,359,82,277
2022-10-16,13,344,166,178
2021-12-06,13,344,334,10
2023-04-28,105,96,20,76
2023-09-12,162,75,59,16
2023-07-05,8,128,35,93
2021-11-02,43,378,30,348
2022-11-05,56,146,3,143
2022-10-27,57,64,60,4
2022-06-12,39,247,202,45
2021-10-27,27,276,127,149
2022-02-28,239,347,264,83
2021-12-04,101,289,21,268
2023-03-29,4,222,163,59
2022-11-10,69,389,241,148
2023-08-19,139,284,123,161
2023-05-07,129,373,82,291
2022-08-21,29,498,24,474
2023-02-24,18,96,27,69
2023-07-12,69,278,221,57
2022-03-20,110,73,53,20
2023-08-17,38,279,210,69
2022-04-29,62,450,216,234
2021-12-26,133,445,220,225
2023-06-21,68,434,334,100
2021-10-23,8,206,109,97
2022-09-26,2,110,35,75
2022-05-13,15,96,15,81
2023-07-22,4,264,12,252
2022-07-28,68,116,80,36
2021-10-03,4,80,70,10
2023-01-03,234,152,97,55
2023-04-30,18,86,18,68
2022-02-06,18,89,49,40
2022-11-09,45,175,38,137
2023-07-31,5,267,61,206
2022-01-26,26,270,88,182
2022-10-26,43,144,139,5
2021-11-27,39,265,123,142
2023-09-27,8,402,386,16
2023-02-24,8,482,341,141
2022-11-25,32,277,14,263
2023-04-28,131,419,241,178
2022-08-17,134,180,1,179
2023-06-06,44,100,7,93
2022-05-27,62,58,23,35
2023-07-18,11,161,56,105
2023-04-14,57,367,169,198
2022-07-01,26,494,122,372
2021-11-07,123,354,233,121
2023-01-22,60,179,85,94
2022-10-18,18,380,61,319
2022-07-28,90,143,56,87
2023-05-06,37,428,255,173
2023-05-04,75,258,142,116
2022-01-23,26,442,210,232
2023-01-28,15,255,89,166
2022-04-26,13,83,16,67
2023-06-15,26,223,46,177
2022-04-29,8,95,43,52
2023-01-23,53,100,34,66
2023-07-29,4,368,92,276
2021-11-28,15,272,180,92
2023-04-04,26,384,73,311
2021-09-29,18,373,123,250
2023-04-19,18,128,40,88
2022-05-24,5,457,136,321
2023-08-25,11,259,196,63
2021-10-18,11,63,38,25
2023-08-03,39,84,5,79
2023-05-25,56,290,122,168
2023-04-11,43,232,87,145
2021-09-30,124,393,228,165
2023-04-04,87,164,59,105
2023-06-29,24,282,109,173
2022-01-13,45,454,192,262
2023-04-19,11,449,97,352
2022-10-21,80,493,485,8
2022-05-30,39,259,229,30
2023-06-04,89,254,161,93
2022-02-13,112,136,15,121
2021-10-05,18,323,71,252
2023-06-03,240,180,28,152
2023-03-31,39,240,193,47
2023-05-27,5,90,9,81
2023-08-26,122,301,16,285
2022-07-18,44,360,241,119
2022-08-01,22,224,20,204
2022-04-26,41,410,27,383
2022-03-25,84,455,130,325
2022-07-27,72,93,26,67
2023-07-26,93,124,76,48
2022-07-07,39,283,49,234
2021-11-23,113,278,109,169
2022-06-12,60,213,15,198
2023-05-17,57,235,25,210
2021-10-23,8,206,126,80
2022-09-25,85,363,353,10
2022-11-01,26,207,165,42
2023-09-05,15,417,149,268
2023-03-26,60,385,142,243
2023-07-24,11,492,19,473
2022-05-23,15,392,66,326
2023-07-16,18,400,367,33
2022-10-09,209,476,151,325
2022-12-02,149,397,11,386
2022-03-15,25,440,293,147
2023-04-05,130,440,358,82
2023-05-17,22,329,123,206
2022-09-05,102,329,50,279
2023-07-09,43,160,150,10
2022-08-12,27,381,331,50
2022-10-07,43,407,76,331
2022-02-04,19,142,49,93
2023-05-16,43,210,150,60
2023-09-21,11,218,31,187
2022-06-03,43,297,42,255
2023-07-19,27,260,122,138
2023-09-14,129,132,99,33
2022-01-12,4,412,156,256
2023-01-03,57,118,42,76
2021-11-02,28,209,187,22
2021-12-06,45,206,110,96
2022-09-16,57,447,61,386
2022-04-02,57,420,266,154
2022-05-06,11,157,90,67
2021-10-19,26,229,165,64
2023-02-28,94,154,133,21
2023-03-17,24,247,198,49
2021-12-30,4,205,77,128
2023-05-02,64,265,159,106
2023-08-05,219,236,159,77
2022-11-09,61,307,304,3
2021-12-29,22,475,322,153
2022-05-11,57,300,205,95
2023-07-20,59,169,157,12
2023-09-02,17,313,87,226
2023-01-01,57,296,277,19
2022-11-26,167,357,185,172
2023-02-13,27,160,38,122
2023-04-08,5,192,55,137
2022-12-16,18,373,39,334
2022-04-10,15,137,57,80
2022-05-07,196,411,120,291
2022-09-30,28,361,285,76
2023-02-11,4,270,152,118
2022-02-21,83,262,47,215
2022-12-21,57,53,1,52
2023-09-26,4,78,44,34
2023-04-16,121,58,31,27
2023-05-13,13,146,96,50
2023-04-02,57,156,127,29
2023-07-22,29,447,233,214
2022-10-23,241,413,24,389
2021-10-14,113,341,208,133
2022-07-02,242,200,54,146
2022-08-13,56,462,427,35
2022-05-29,25,496,351,145
2022-12-29,44,206,195,11
2022-02-16,44,355,299,56
2023-07-22,5,426,288,138
2023-03-28,101,158,81,77
2022-02-09,17,293,104,189
2022-09-07,13,122,72,50
2023-06-29,185,357,243,114
2022-05-24,111,107,94,13
2023-05-27,122,135,81,54
2023-05-13,12,481,439,42
2023-04-20,57,271,245,26
2021-10-07,164,92,51,41
2023-07-26,24,78,59,19
2023-08-31,17,126,102,24
2022-12-03,18,289,276,13
2023-02-07,147,310,168,142
2022-04-13,62,195,61,134
2023-02-14,15,211,183,28
2023-03-13,238,451,49,402
2023-04-23,60,487,6,481
2022-06-23,97,182,155,27
2023-04-14,180,395,312,83
2022-03-31,144,381,173,208
2022-12-31,39,248,61,187
2022-06-02,39,119,10,109
2021-11-21,11,244,136,108
2023-06-10,13,465,404,61
2021-10-09,50,279,68,211
2022-11-09,43,492,82,410
2022-10-04,22,60,50,10
2022-07-11,5,187,8,179
2021-12-21,57,492,250,242
2023-07-29,162,360,335,25
2023-08-14,19,271,123,148
2022-03-17,13,404,81,323
2022-11-15,87,96,92,4
2023-05-16,103,343,219,124
2022-08-05,173,233,203,30
2023-06-09,26,349,293,56
2023-09-16,196,99,68,31
2023-05-18,43,339,49,290
2022-01-09,13,195,182,13
2023-05-10,57,314,276,38
2023-09-14,22,335,66,269
2022-06-02,18,430,335,95
2022-06-17,243,126,119,7
2022-06-13,15,443,356,87
2022-05-08,112,211,195,16
2022-02-17,17,444,344,100
2022-11-20,32,213,4,209
2023-04-22,17,165,28,137
2023-09-02,80,114,56,58
2022-02-21,43,376,211,165
2021-10-19,125,186,21,165
2022-05-17,19,474,53,421
2023-01-25,114,209,49,160
2021-09-28,138,219,174,45
2022-02-15,56,104,89,15
2022-01-05,50,88,30,58
2022-07-30,85,187,41,146
2022-09-01,27,400,174,226
2022-08-13,120,233,95,138
2022-11-26,78,429,256,173
2021-10-12,111,86,70,16
2023-08-09,26,249,121,128
2021-10-18,67,186,35,151
2022-08-08,122,101,46,55
2022-11-20,143,267,191,76
2023-03-24,17,289,243,46
2023-04-17,80,190,152,38
2022-07-01,25,160,18,142
2022-07-12,19,404,181,223
2021-12-10,107,473,259,214
2022-11-26,26,303,271,32
2021-12-17,56,416,269,147
2023-05-17,22,288,265,23
2023-02-24,87,308,38,270
2021-10-21,22,168,73,95
2023-07-15,26,454,93,361
2023-02-11,143,475,386,89
2022-05-23,19,234,3,231
2022-11-26,44,90,47,43
2021-12-09,18,210,11,199
2022-04-30,39,346,44,302
2023-09-22,136,487,89,398
2022-03-29,19,124,11,113
2022-01-07,8,316,37,279
2023-05-14,147,271,100,171
2022-06-18,133,436,51,385
2022-03-13,22,461,101,360
2023-06-29,5,62,36,26
2023-02-16,61,494,358,136
2022-01-25,15,143,68,75
2023-09-28,69,166,53,113
2021-10-13,135,51,41,10
2023-03-09,4,445,211,234
2022-03-10,22,395,293,102
2022-09-03,26,344,198,146
2023-02-02,181,187,17,170
2022-11-09,67,255,146,109
2023-08-01,24,365,55,310
2023-03-12,13,488,482,6
2023-01-28,86,421,61,360
2023-09-01,5,237,15,222
2023-08-08,15,93,56,37
2023-02-21,101,234,43,191
2022-10-01,60,235,110,125
2022-08-03,19,426,12,414
2021-10-18,57,111,74,37
2023-07-13,209,481,279,202
2022-03-04,113,318,243,75
2023-04-11,44,472,389,83
2022-12-12,17,440,243,197
2023-05-19,8,136,103,33
2023-04-08,44,97,87,10
2023-08-09,244,261,33,228
2022-08-19,10,95,22,73
2021-10-17,236,445,271,174
2023-03-17,209,232,142,90
2023-08-26,4,57,3,54
2022-04-21,11,197,5,192
2022-06-27,99,420,216,204
2022-05-22,119,496,266,230
2022-05-18,5,429,404,25
2023-03-31,138,327,34,293
2022-11-21,27,211,73,138
2022-04-03,7,266,130,136
2023-05-18,34,65,12,53
2022-01-01,116,178,167,11
2022-05-16,231,52,11,41
2022-03-05,22,359,212,147
2022-08-06,4,449,188,261
2023-04-08,39,227,41,186
2021-12-05,245,250,100,150
2021-12-22,22,409,184,225
2023-08-09,39,205,18,187
2022-05-29,84,387,307,80
2022-09-22,82,171,91,80
2022-08-08,166,360,329,31
2023-08-24,32,100,35,65
2023-02-03,206,482,425,57
2022-10-15,29,391,78,313
2022-02-07,111,128,1,127
2022-07-01,24,422,78,344
2022-11-24,18,461,396,65
2022-05-18,84,201,118,83
2023-07-31,29,112,25,87
2022-05-06,24,353,155,198
2021-12-28,33,441,343,98
2022-02-24,22,255,206,49
2022-05-21,237,59,23,36
2023-08-20,29,344,281,63
2023-08-29,13,471,166,305
2022-01-22,11,168,46,122
2022-08-15,43,232,217,15
2023-01-19,24,375,320,55
2022-04-25,8,377,10,367
2022-03-20,49,242,222,20
2022-02-05,16,75,20,55
2022-06-06,44,195,54,141
2023-05-27,75,444,246,198
2022-01-01,15,330,137,193
2023-07-29,13,433,387,46
2022-10-06,24,397,317,80
2022-01-03,16,148,51,97
2022-01-31,53,369,312,57
2023-09-25,57,218,144,74
2021-10-24,59,109,2,107
2021-10-05,17,114,85,29
2022-02-21,17,205,200,5
2021-12-09,18,292,93,199
2022-09-10,60,196,11,185
2023-08-28,88,416,190,226
2023-06-29,18,356,57,299
2023-09-14,15,174,39,135
2021-09-30,43,267,237,30
2022-01-17,60,178,24,154
2023-04-27,8,259,254,5
2021-10-12,3,499,69,430
2023-07-17,90,218,53,165
2023-08-31,17,254,58,196
2023-03-07,186,296,168,128
2022-10-20,52,116,109,7
2022-03-09,17,251,152,99
2023-04-17,78,303,149,154
2023-09-07,39,236,57,179
2022-05-28,29,103,7,96
2023-05-03,32,305,259,46
2023-07-08,22,358,9,349
2023-04-22,136,263,21,242
2023-01-12,5,85,35,50
2023-09-05,18,372,199,173
2023-06-16,8,341,92,249
2022-04-22,63,119,6,113
2021-10-08,75,66,9,57
2022-05-01,39,399,116,283
2022-07-13,22,95,59,36
2022-12-05,5,220,208,12
2022-08-14,15,363,339,24
2021-10-16,145,120,69,51
2022-02-21,30,397,103,294
2023-01-26,57,211,81,130
2022-12-07,19,104,98,6
2022-02-23,27,382,39,343
2022-10-08,60,493,167,326
2022-08-01,43,341,133,208
2022-05-30,39,454,429,25
2023-06-17,43,302,2,300
2021-11-16,68,277,200,77
2023-04-16,11,300,124,176
2023-05-30,18,236,39,197
2022-03-16,160,159,16,143
2022-12-19,39,440,42,398
2022-06-21,15,261,106,155
2023-06-23,28,148,27,121
2023-09-03,24,457,377,80
2022-12-20,29,343,94,249
2022-11-03,56,406,2,404
2022-07-06,246,472,308,164
2022-08-08,44,217,120,97
2022-05-12,60,267,146,121
2023-01-29,29,345,245,100
2022-10-26,97,400,155,245
2022-10-14,72,435,37,398
2022-04-17,19,229,160,69
2022-10-15,8,181,162,19
2023-04-04,5,211,192,19
2023-09-03,57,136,22,114
2023-08-03,17,144,28,116
2022-03-20,4,62,14,48
2023-08-01,13,171,131,40
2021-12-23,37,209,190,19
2022-05-04,117,368,103,265
2022-07-17,107,130,30,100
2021-12-03,8,307,220,87
2022-02-10,196,448,285,163
2022-07-23,53,184,67,117
2022-03-04,31,138,29,109
2023-01-05,56,167,162,5
2022-01-30,13,430,408,22
2022-05-28,8,202,50,152
2022-01-02,136,264,163,101
2021-12-25,60,118,24,94
2022-06-19,247,414,66,348
2022-06-29,25,488,485,3
2022-05-02,24,244,189,55
2023-07-26,4,324,179,145
2023-04-01,15,369,35,334
2023-09-08,8,484,359,125
2022-06-12,4,243,212,31
2022-10-03,52,479,201,278
2022-12-19,60,235,23,212
2023-04-26,27,194,141,53
2023-09-11,133,447,258,189
2023-08-09,24,64,37,27
2023-06-26,19,293,32,261
2023-03-23,17,334,23,311
2023-07-24,59,496,336,160
2022-05-06,97,302,189,113
2023-02-17,26,422,108,314
2023-06-08,29,228,52,176
2023-05-16,29,198,138,60
2022-05-06,90,244,57,187
2021-11-03,145,270,104,166
2021-12-15,85,408,139,269
2021-12-03,56,386,20,366
2023-07-23,17,88,86,2
2023-06-04,161,147,100,47
2022-01-08,27,302,50,252
2022-05-12,4,199,41,158
2022-07-01,17,236,152,84
2022-01-08,24,102,87,15
2021-10-23,19,335,42,293
2022-01-04,11,180,101,79
2023-05-06,81,196,29,167
2022-07-29,130,401,159,242
2023-06-11,64,219,48,171
2023-09-17,29,355,212,143
2023-05-20,4,188,151,37
2023-03-09,57,272,119,153
2022-07-22,248,423,412,11
2022-11-27,22,344,198,146
2022-02-13,134,92,82,10
2022-12-04,56,496,429,67
2022-01-29,34,372,327,45
2023-05-28,5,257,126,131
2023-03-04,55,406,163,243
2022-01-16,167,57,39,18
2023-01-02,17,444,12,432
2023-03-29,8,354,142,212
2022-01-01,8,137,10,127
2022-01-23,43,257,61,196
2022-11-02,29,117,28,89
2022-02-26,161,293,111,182
2023-06-17,27,335,245,90
2021-11-05,185,488,254,234
2021-09-29,5,170,101,69
2023-05-10,242,104,103,1
2023-06-29,82,241,203,38
2021-11-21,15,486,159,327
2022-12-23,11,392,290,102
2023-04-11,27,151,101,50
2022-03-12,22,115,60,55
2023-04-03,24,453,371,82
2022-09-19,17,217,28,189
2022-10-28,43,212,101,111
2021-11-18,131,500,260,240
2021-10-13,69,391,306,85
2022-11-18,39,165,114,51
2022-06-04,17,366,109,257
2022-10-21,32,136,86,50
2023-09-28,99,208,117,91
2022-03-20,18,80,64,16
2022-09-09,181,487,281,206
2023-07-12,122,288,23,265
2023-01-06,8,404,40,364
2023-03-10,8,291,195,96
2023-07-04,94,453,56,397
2022-03-31,80,193,34,159
2022-06-21,22,482,214,268
2023-02-04,196,77,11,66
2022-11-19,11,207,55,152
2023-06-23,12,268,202,66
2023-07-12,4,386,325,61
2022-07-31,56,71,27,44
2022-04-25,4,447,307,140
2023-08-16,56,135,63,72
2022-08-07,45,378,157,221
2022-02-19,24,403,353,50
2022-07-18,13,347,289,58
2022-08-16,249,328,168,160
2022-11-11,8,93,68,25
2022-08-03,24,450,292,158
2023-09-06,5,447,230,217
2022-02-23,43,279,17,262
2023-04-19,57,235,90,145
2021-10-29,22,56,39,17
2022-08-21,105,416,80,336
2022-03-02,19,247,244,3
2022-11-04,5,234,41,193
2021-10-23,45,231,168,63
2022-07-23,49,104,38,66
2023-05-06,22,399,164,235
2022-12-27,49,290,219,71
2022-12-01,27,443,220,223
2023-07-03,168,395,229,166
2022-12-26,92,76,12,64
2023-02-08,19,451,135,316
2022-02-16,44,437,40,397
2021-10-25,17,89,42,47
2022-08-20,5,93,64,29
2023-06-29,72,224,171,53
2023-09-12,27,148,12,136
2022-12-13,26,119,23,96
2022-10-05,11,387,365,22
2023-08-07,56,185,27,158
2022-06-06,77,483,435,48
2023-04-26,26,328,328,0
2022-09-13,7,487,32,455
2022-12-04,44,344,214,130
2022-11-23,57,319,19,300
2022-01-20,60,260,116,144
2022-10-23,11,213,90,123
2022-09-11,29,413,128,285
2023-08-16,17,317,199,118
2022-07-16,15,101,14,87
2023-04-02,37,233,171,62
2022-01-14,60,421,378,43
2022-11-14,138,335,60,275
2022-04-22,11,396,246,150
2023-09-02,22,468,410,58
2022-05-17,43,110,12,98
2023-07-27,8,451,287,164
2022-04-15,2,139,136,3
2022-09-09,44,232,126,106
2023-07-12,27,275,12,263
2022-12-30,39,467,144,323
2023-08-20,5,495,306,189
2022-02-02,15,67,67,0
2022-09-06,8,95,93,2
2022-03-21,22,189,120,69
2022-08-15,43,409,77,332
2023-05-24,90,124,116,8
2022-02-17,11,278,79,199
2023-03-31,39,429,184,245
2023-02-11,44,333,244,89
2021-11-18,60,84,58,26
2022-02-08,57,108,49,59
2022-12-07,196,458,367,91
2022-11-18,7,97,84,13
2023-09-27,68,347,77,270
2022-05-17,5,466,325,141
2022-01-31,166,295,61,234
2022-08-23,4,154,103,51
2022-06-08,4,263,180,83
2022-03-12,17,437,67,370
2022-10-11,250,465,78,387
2023-04-14,17,205,48,157
2023-09-07,39,384,189,195
2022-10-12,5,237,89,148
2022-02-07,115,127,17,110
2022-09-15,107,429,427,2
2022-07-02,27,248,186,62
2022-05-18,196,201,88,113
2023-08-29,26,346,279,67
2023-04-24,24,394,285,109
2022-10-12,18,422,375,47
2023-08-31,201,405,19,386
2023-07-09,24,81,65,16
2022-06-07,220,273,126,147
2022-07-10,15,105,78,27
2023-06-17,134,190,100,90
2022-09-03,13,144,22,122
2022-02-05,121,255,30,225
2022-09-30,181,408,274,134
2022-08-02,143,61,42,19
2022-09-14,27,86,84,2
2023-03-08,210,304,239,65
2022-05-10,59,298,220,78
2022-01-29,24,71,71,0
2021-10-28,1,185,68,117
2022-05-30,39,423,127,296
2022-01-16,63,157,12,145
2022-10-16,22,330,316,14
2023-08-09,5,185,17,168
2022-11-29,19,108,21,87
2023-04-27,29,449,201,248
2022-05-13,29,396,104,292
2022-11-29,136,406,387,19
2022-09-21,56,271,251,20
2023-08-27,26,273,20,253
2022-09-19,26,458,21,437
2022-11-23,11,170,103,67
2022-01-17,102,432,118,314
2022-07-31,60,350,94,256
2021-12-22,18,415,208,207
2022-04-20,22,143,16,127
2023-03-08,11,354,207,147
2022-12-02,97,195,105,90
2022-02-19,97,453,68,385
2023-05-14,8,392,209,183
2023-08-06,31,464,464,0
2023-09-11,8,282,80,202
2023-02-22,39,476,18,458
2022-01-14,44,244,144,100
2021-11-24,42,373,39,334
2023-07-06,43,348,31,317
2022-05-18,5,241,105,136
2023-07-07,64,305,118,187
2023-08-16,39,166,17,149
2022-07-16,39,407,343,64
2021-10-03,67,218,8,210
2023-02-23,5,72,55,17
2022-02-20,17,484,85,399
2022-09-09,12,276,33,243
2021-10-24,44,394,74,320
2023-05-24,60,411,111,300
2022-03-13,65,76,14,62
2023-03-10,113,207,201,6
2022-07-07,4,346,5,341
2022-08-09,17,279,142,137
2023-03-15,173,54,27,27
2023-08-14,39,180,180,0
2023-01-17,83,258,132,126
2021-11-29,11,185,161,24
2023-02-16,122,396,328,68
2021-11-09,38,149,18,131
2023-04-03,9,150,100,50
2022-10-17,60,333,103,230
2022-02-10,81,202,58,144
2022-10-15,28,118,31,87
2021-12-20,43,75,42,33
2023-04-12,63,442,129,313
2021-11-01,18,450,204,246
2023-02-17,24,122,59,63
2022-08-24,17,386,165,221
2023-01-07,156,315,217,98
2023-01-30,8,283,259,24
2021-10-12,63,68,6,62
2022-05-09,187,258,124,134
2021-12-26,43,70,17,53
2022-10-02,102,136,90,46
2022-12-18,18,415,279,136
2021-10-14,39,375,262,113
2022-07-23,116,488,374,114
2022-01-20,123,499,216,283
2022-02-25,15,395,276,119
2022-02-22,209,305,287,18
2023-05-26,120,259,35,224
2022-05-01,64,500,298,202
2023-05-25,19,349,249,100
2023-05-06,56,430,183,247
2022-03-25,4,359,16,343
2022-02-14,208,164,106,58
2023-08-21,5,126,74,52
2023-05-31,116,99,65,34
2023-07-12,39,447,69,378
2021-11-10,60,171,46,125
2023-05-22,4,306,116,190
2021-10-08,169,280,246,34
2022-01-02,45,62,42,20
2022-03-26,123,490,147,343
2022-10-21,29,367,313,54
2021-10-03,8,465,357,108
2022-11-29,153,212,196,16
2021-10-14,60,236,233,3
2023-07-18,8,406,156,250
2021-10-11,17,379,234,145
2022-02-03,22,110,63,47
2021-11-30,29,193,84,109
2022-12-02,144,257,181,76
2022-08-13,251,175,55,120
2022-09-20,26,369,165,204
2022-07-28,44,81,16,65
2022-04-01,105,477,130,347
2022-07-09,252,96,27,69
2021-11-06,22,223,22,201
2022-01-05,34,220,198,22
2023-05-22,5,76,38,38
2022-07-31,72,280,33,247
2023-09-25,26,433,363,70
2022-04-12,60,359,68,291
2022-03-27,43,152,74,78
2022-02-08,44,472,404,68
2022-03-10,58,204,191,13
2022-09-21,56,265,121,144
2022-07-08,161,149,1,148
2022-06-14,11,142,103,39
2022-10-13,57,494,290,204
2023-07-24,60,426,186,240
2022-11-11,44,326,63,263
2022-11-19,2,422,304,118
2023-03-27,26,66,50,16
2023-05-05,60,345,75,270
2022-11-06,27,443,74,369
2023-05-16,15,493,224,269
2023-06-12,191,54,20,34
2021-11-23,59,85,24,61
2022-07-28,18,439,129,310
2022-04-01,22,266,204,62
2021-12-15,13,143,45,98
2023-01-17,24,321,233,88
2023-02-21,81,372,146,226
2023-06-24,60,408,370,38
2022-06-27,49,68,4,64
2023-03-02,118,272,38,234
2023-06-04,117,274,98,176
2022-04-19,43,478,145,333
2022-05-25,56,247,152,95
2022-01-10,3,141,128,13
2023-04-12,105,291,220,71
2021-12-05,113,361,136,225
2023-03-18,153,51,49,2
2022-01-19,130,214,189,25
2022-10-14,56,204,85,119
2022-07-02,22,144,62,82
2023-06-16,18,171,165,6
2022-07-04,57,167,18,149
2023-08-16,56,116,92,24
2023-06-07,18,176,176,0
2023-07-30,17,55,35,20
2022-09-20,15,184,50,134
2023-09-02,146,389,56,333
2023-01-04,24,250,161,89
2023-01-30,115,464,237,227
2023-06-12,15,107,26,81
2022-08-15,27,107,32,75
2021-09-30,15,313,45,268
2022-10-20,164,279,40,239
2023-07-28,27,433,79,354
2023-05-20,19,333,158,175
2023-07-07,5,356,350,6
2022-05-24,60,344,259,85
2023-06-18,57,369,368,1
2023-07-04,145,300,224,76
2021-11-03,15,405,384,21
2022-12-14,15,84,51,33
2022-12-18,59,75,25,50
2022-06-18,56,461,58,403
2022-03-12,26,313,259,54
2022-06-18,18,234,229,5
2022-04-04,4,269,250,19
2021-11-23,29,246,124,122
2022-04-29,145,190,12,178
2022-09-09,19,309,101,208
2023-01-03,63,468,103,365
2022-09-26,138,233,162,71
2022-10-19,18,497,339,158
2023-09-01,138,244,220,24
2021-12-22,18,335,314,21
2023-09-17,56,321,8,313
2022-05-25,107,74,52,22
2022-03-30,15,111,33,78
2022-05-01,57,198,159,39
2023-03-26,43,102,5,97
2022-06-28,38,107,20,87
2023-02-09,24,489,310,179
2023-09-24,113,293,162,131
2022-03-22,48,269,119,150
2021-11-16,4,180,34,146
2022-05-19,26,297,158,139
2023-06-10,39,341,215,126
2023-01-22,131,200,31,169
2022-09-08,8,244,211,33
2022-09-20,27,318,78,240
2022-09-24,84,342,298,44
2023-09-12,8,62,9,53
2022-06-05,161,56,9,47
2021-10-05,26,82,35,47
2021-10-30,27,175,4,171
2022-06-01,57,396,273,123
2023-06-08,8,118,13,105
2023-06-14,143,462,427,35
2023-01-18,236,83,22,61
2023-08-09,15,481,143,338
2023-06-15,8,187,52,135
2022-11-03,41,294,42,252
2022-03-02,17,464,369,95
2022-05-21,93,369,11,358
2023-05-27,29,129,84,45
2023-05-17,29,266,57,209
2022-03-15,11,151,77,74
2023-03-31,4,342,200,142
2022-05-18,27,180,4,176
2021-12-27,102,431,279,152
2022-10-22,60,430,161,269
2023-09-23,43,154,13,141
2022-11-12,15,357,326,31
2022-05-24,98,464,32,432
2022-03-27,89,390,178,212
2022-06-19,13,266,130,136
2022-09-09,128,446,339,107
2023-06-20,44,344,232,112
2022-01-31,1,426,316,110
2022-06-09,19,173,123,50
2023-06-22,122,423,132,291
2023-08-07,15,208,134,74
2022-02-14,8,249,165,84
2022-09-10,12,387,42,345
2021-11-23,164,250,147,103
2022-11-06,43,135,64,71
2021-11-02,5,107,98,9
2023-09-28,43,222,218,4
2023-07-05,118,221,159,62
2022-04-17,22,261,165,96
2022-05-20,116,284,118,166
2022-02-03,8,80,72,8
2023-06-11,12,142,97,45
2021-11-27,1,431,300,131
2022-07-04,24,313,84,229
2022-06-20,122,456,57,399
2021-12-05,19,393,56,337
2022-05-06,164,79,28,51
2023-08-10,97,96,11,85
2022-11-14,18,98,61,37
2022-04-18,22,75,68,7
2022-06-09,29,160,114,46
2022-03-09,145,198,33,165
2023-07-04,43,327,9,318
2023-09-13,187,460,211,249
2022-08-08,159,277,18,259
2023-06-08,79,292,243,49
2022-07-17,44,482,433,49
2022-12-02,101,57,19,38
2021-11-19,17,271,85,186
2023-04-05,15,119,60,59
2022-01-17,129,396,380,16
2023-09-04,13,362,346,16
2023-02-23,19,129,22,107
2023-08-07,119,473,417,56
2023-09-16,130,268,214,54
2023-03-31,58,61,40,21
2023-02-07,19,466,15,451
2023-01-29,253,379,332,47
2023-08-01,134,205,12,193
2021-10-24,46,473,278,195
2022-01-31,113,215,148,67
2023-03-21,26,183,133,50
2023-08-16,132,246,126,120
2023-01-21,128,417,202,215
2023-04-30,8,204,188,16
2022-02-23,103,178,85,93
2023-07-18,60,75,54,21
2022-01-17,103,445,208,237
2022-01-15,11,96,75,21
2023-08-26,134,86,26,60
2023-05-12,18,480,32,448
2023-01-21,43,296,160,136
2021-11-21,153,477,65,412
2022-01-14,84,75,50,25
2023-03-16,63,191,170,21
2022-08-06,17,133,91,42
2023-03-10,39,267,225,42
2022-09-21,39,99,17,82
2021-11-25,16,385,171,214
2021-12-22,24,256,91,165
2022-07-07,19,277,175,102
2021-12-24,4,69,14,55
2023-08-03,43,382,46,336
2023-06-27,60,499,190,309
2023-07-24,79,247,164,83
2023-05-07,17,496,40,456
2022-01-03,11,489,19,470
2023-04-04,17,432,239,193
2022-11-23,64,488,161,327
2023-07-21,85,160,147,13
2022-09-20,120,292,9,283
2023-07-02,47,262,227,35
2022-05-25,254,436,275,161
2022-12-19,43,425,226,199
2023-01-11,129,194,27,167
2023-07-27,255,302,177,125
2021-12-01,231,377,255,122
2022-05-19,24,401,23,378
2021-10-09,4,98,39,59
2022-11-02,56,137,104,33
2022-10-02,60,95,40,55
2022-01-15,24,325,269,56
2022-07-13,15,490,414,76
2022-02-10,17,147,56,91
2022-04-11,60,425,298,127
2021-11-11,39,430,67,363
2021-10-16,168,431,312,119
2022-08-21,22,157,57,100
2022-06-19,115,443,63,380
2023-02-08,4,69,26,43
2021-12-30,55,92,66,26
2021-10-25,92,329,28,301
2023-03-03,148,235,99,136
2023-02-03,121,396,111,285
2023-01-19,120,187,134,53
2023-07-17,51,370,62,308
2022-05-27,56,409,198,211
2022-08-20,8,67,1,66
2021-09-28,90,378,139,239
2022-01-03,4,117,41,76
2023-07-04,18,500,311,189
2022-07-12,19,314,52,262
2022-07-08,27,315,44,271
2023-07-17,8,118,55,63
2022-08-19,26,476,328,148
2021-11-11,39,155,116,39
2022-07-03,43,259,45,214
2021-11-16,25,236,196,40
2023-01-07,29,209,89,120
2022-07-02,26,336,280,56
2022-11-15,221,180,109,71
2022-01-08,174,403,104,299
2023-04-08,124,205,80,125
2023-06-03,18,94,42,52
2023-06-17,256,231,27,204
2022-11-28,229,76,72,4
2021-12-15,5,253,91,162
2022-09-10,44,406,24,382
2021-11-24,24,414,105,309
2021-11-01,17,198,60,138
2021-10-28,27,346,238,108
2023-07-06,150,223,52,171
2021-11-13,257,190,145,45
2023-02-12,123,287,128,159
2022-11-28,103,184,160,24
2022-01-08,29,466,126,340
2022-08-15,56,295,141,154
2022-07-25,4,221,190,31
2023-01-02,99,124,53,71
2022-10-01,50,404,236,168
2021-10-24,57,165,85,80
2022-08-14,29,147,93,54
2023-02-27,22,385,60,325
2023-05-12,57,428,285,143
2023-07-04,22,444,421,23
2022-11-16,39,239,101,138
2022-12-24,185,75,69,6
2022-03-19,83,170,40,130
2022-06-23,18,317,282,35
2022-08-03,78,386,44,342
2023-08-23,101,330,214,116
2022-11-08,174,66,59,7
2023-08-02,8,176,49,127
2023-02-06,102,394,294,100
2022-02-20,60,260,93,167
2021-10-04,77,100,61,39
2023-06-25,38,352,70,282
2022-10-11,19,169,26,143
2021-11-20,27,222,214,8
2022-08-19,117,347,174,173
2022-12-08,181,229,193,36
2023-02-27,25,69,19,50
2021-11-12,103,412,75,337
2023-07-07,8,306,242,64
2023-01-05,64,239,107,132
2023-06-30,67,449,407,42
2022-03-10,130,427,18,409
2021-12-15,166,341,15,326
2021-12-19,174,456,94,362
2021-10-24,181,436,398,38
2022-08-22,44,166,22,144
2021-10-13,103,159,26,133
2022-09-09,145,69,4,65
2022-08-14,27,433,431,2
2023-04-25,17,53,19,34
2022-12-16,31,458,140,318
2023-03-23,47,488,6,482
2022-06-09,80,379,329,50
2022-05-06,26,63,37,26
2021-11-08,27,212,110,102
2023-08-13,57,101,32,69
2022-08-31,145,292,59,233
2021-10-13,43,224,191,33
2023-06-10,57,306,131,175
2023-09-26,161,121,47,74
2022-10-29,26,265,201,64
2023-08-13,57,283,48,235
2022-10-23,41,456,448,8
2021-10-09,119,432,409,23
2022-01-07,258,464,2,462
2022-03-04,11,187,29,158
2023-06-16,17,429,27,402
2022-07-17,4,405,285,120
2022-05-24,3,357,335,22
2022-08-31,43,283,5,278
2022-03-19,44,309,8,301
2022-11-17,44,294,99,195
2022-09-30,136,500,106,394
2023-05-17,60,102,22,80
2022-06-12,174,468,287,181
2022-07-15,33,188,176,12
2023-07-03,85,184,16,168
2022-09-23,39,283,24,259
2022-10-14,13,217,170,47
2023-05-09,44,189,5,184
2022-09-29,43,426,322,104
2023-03-18,4,256,22,234
2023-07-13,44,282,236,46
2021-10-06,17,328,279,49
2022-11-28,8,152,143,9
2022-10-04,199,111,73,38
2022-12-26,19,307,303,4
2022-09-08,57,499,246,253
2023-06-19,19,90,1,89
2022-08-31,39,172,82,90
2023-05-09,86,95,60,35
2022-03-22,176,209,165,44
2022-03-18,136,356,146,210
2022-03-11,43,281,44,237
2022-08-29,15,358,251,107
2022-03-17,72,113,13,100
2023-08-09,42,406,21,385
2022-12-24,60,479,271,208
2022-11-08,8,256,105,151
2022-05-17,56,127,11,116
2022-05-17,22,306,236,70
2022-05-16,33,193,138,55
2023-02-28,45,379,41,338
2022-09-08,13,443,333,110
2021-10-28,44,261,5,256
2022-12-07,44,474,230,244
2023-05-25,135,278,266,12
2022-06-29,13,491,363,128
2023-03-18,5,311,22,289
2022-08-27,13,316,252,64
2022-07-24,26,203,100,103
2023-06-05,71,459,105,354
2021-10-16,82,146,86,60
2022-08-20,121,346,337,9
2022-07-12,165,291,41,250
2023-02-06,26,413,191,222
2022-02-07,110,124,119,5
2022-02-04,233,230,127,103
2022-03-15,17,287,197,90
2023-06-23,24,276,215,61
2023-05-30,112,131,52,79
2022-04-10,68,344,86,258
2021-12-06,5,317,216,101
2022-06-03,105,474,138,336
2023-02-03,13,250,41,209
2023-03-05,44,320,313,7
2022-02-06,44,146,96,50
2022-08-08,15,291,33,258
2023-01-21,122,368,75,293
2022-08-15,8,51,40,11
2023-03-16,125,403,266,137
2022-03-26,15,294,207,87
2021-12-21,168,441,282,159
2022-02-26,112,164,148,16
2023-05-05,107,236,236,0
2022-03-06,29,471,359,112
2021-12-02,64,226,101,125
2022-09-15,17,188,86,102
2022-10-06,27,162,72,90
2022-05-10,24,363,344,19
2021-10-12,127,444,13,431
2023-03-22,22,402,3,399
2022-04-20,38,74,12,62
2023-04-19,27,347,320,27
2022-11-26,60,389,134,255
2021-12-28,16,490,202,288
2022-02-21,89,216,36,180
2023-02-27,7,167,11,156
2023-01-17,24,179,169,10
2022-04-13,27,410,379,31
2022-07-26,15,111,8,103
2023-03-17,94,55,13,42
2023-02-14,3,285,86,199
2023-07-11,4,376,102,274
2022-05-03,102,464,411,53
2022-08-15,26,257,119,138
2023-09-09,27,157,50,107
2023-04-30,4,436,128,308
2022-10-27,176,468,75,393
2022-12-19,11,336,301,35
2022-11-06,5,86,50,36
2021-12-06,11,251,125,126
2023-05-14,57,485,153,332
2022-06-04,47,217,162,55
2023-07-02,39,76,70,6
2022-12-31,17,479,211,268
2023-04-19,94,96,11,85
2022-03-03,4,232,159,73
2023-01-05,4,334,306,28
2022-11-15,19,137,137,0
2021-10-12,87,409,56,353
2022-12-09,39,400,357,43
2022-10-17,133,229,84,145
2022-07-19,57,332,238,94
2023-02-16,19,222,161,61
2023-05-09,181,339,256,83
2022-08-04,13,142,51,91
2022-08-30,27,180,175,5
2023-07-26,24,426,199,227
2022-06-15,98,431,208,223
2022-11-30,18,89,56,33
2022-03-22,27,466,229,237
2023-09-23,17,207,193,14
2022-11-05,167,243,96,147
2021-11-01,96,340,110,230
2022-06-07,60,86,63,23
2022-08-18,15,252,195,57
2022-12-30,8,374,91,283
2022-06-04,166,127,72,55
2023-03-18,101,300,107,193
2022-10-26,22,187,164,23
2022-03-29,6,91,68,23
2021-10-29,44,374,374,0
2022-03-21,86,394,392,2
2022-12-05,11,408,403,5
2022-12-07,19,351,52,299
2023-05-24,43,147,64,83
2022-07-27,18,67,58,9
2023-02-14,18,465,357,108
2022-08-17,209,408,13,395
2022-02-10,26,409,145,264
2022-09-04,11,256,15,241
2023-09-27,39,455,385,70
2021-11-26,75,217,145,72
2022-10-11,132,478,261,217
2021-12-09,18,150,115,35
2023-02-25,42,393,153,240
2023-07-17,7,268,185,83
2022-03-21,93,362,15,347
2022-04-20,13,368,311,57
2022-04-18,63,481,440,41
2021-12-16,44,92,38,54
2022-01-21,56,491,289,202
2022-02-06,11,432,365,67
2022-02-22,23,290,18,272
2023-01-23,134,73,11,62
2023-02-26,18,498,498,0
2022-10-26,4,237,123,114
2022-06-22,75,360,276,84
2022-04-16,159,177,48,129
2023-01-30,27,180,8,172
2023-03-28,67,99,11,88
2022-12-02,43,193,53,140
2022-10-27,85,156,32,124
2022-01-28,12,395,179,216
2022-10-13,27,91,38,53
2022-07-04,225,484,3,481
2023-08-25,39,57,34,23
2021-11-24,216,456,56,400
2022-09-30,4,420,24,396
2022-11-01,176,129,4,125
2021-12-14,243,151,131,20
2023-07-09,90,437,126,311
2022-08-06,18,235,164,71
2023-05-23,192,186,61,125
2022-09-16,122,325,41,284
2021-10-24,4,498,494,4
2022-01-29,29,269,80,189
2022-02-05,44,430,169,261
2022-08-12,162,302,261,41
2022-03-10,60,111,4,107
2022-10-08,120,420,229,191
2022-06-03,28,425,149,276
2022-12-08,8,423,345,78
2022-10-11,13,336,14,322
2022-09-09,196,457,411,46
2022-05-07,60,188,142,46
2023-06-12,56,145,116,29
2023-09-20,34,354,72,282
2022-02-10,30,164,75,89
2023-05-18,54,318,288,30
2021-11-12,13,283,243,40
2022-02-03,56,87,68,19
2022-07-26,27,211,194,17
2021-12-06,3,417,219,198
2021-12-13,173,416,256,160
2023-05-21,43,445,350,95
2022-09-02,60,130,92,38
2023-06-12,15,59,11,48
2022-02-12,56,446,110,336
2021-10-13,45,281,253,28
2023-07-10,50,143,33,110
2023-07-24,60,270,61,209
2022-12-30,5,99,6,93
2022-02-24,11,408,224,184
2022-12-24,8,378,215,163
2023-05-29,29,146,5,141
2022-09-08,22,226,143,83
2022-01-18,15,405,318,87
2022-08-04,39,117,82,35
2023-06-29,47,334,86,248
2023-06-28,39,415,206,209
2022-09-14,8,405,396,9
2022-01-18,24,488,72,416
2022-03-25,39,291,254,37
2022-10-07,39,488,249,239
2022-01-06,44,121,79,42
2022-05-19,53,470,457,13
2023-05-13,23,87,40,47
2022-01-07,111,301,156,145
2023-09-06,3,212,65,147
2022-04-14,29,174,76,98
2023-03-30,63,496,6,490
2023-04-28,78,457,90,367
2021-11-04,22,328,25,303
2022-04-19,109,262,224,38
2023-05-15,42,223,64,159
2022-10-04,60,89,26,63
2023-03-26,18,131,71,60
2023-07-24,44,447,429,18
2021-11-03,44,215,13,202
2022-05-12,17,127,73,54
2022-08-03,60,461,430,31
2023-03-16,56,365,245,120
2021-11-04,126,129,96,33
2022-08-25,4,349,114,235
2023-05-20,29,254,19,235
2023-04-24,8,110,56,54
2021-12-22,22,393,60,333
2022-04-06,17,395,279,116
2022-06-26,259,295,80,215
2022-07-04,26,262,191,71
2021-11-15,236,65,4,61
2022-09-15,132,226,25,201
2023-08-26,44,406,389,17
2023-08-30,56,396,60,336
2022-09-08,61,465,363,102
2022-10-20,17,173,94,79
2023-04-23,98,337,93,244
2023-05-18,104,350,66,284
2023-01-22,81,431,124,307
2022-08-26,17,75,29,46
2021-12-30,39,322,261,61
2023-01-02,92,378,42,336
2022-07-09,33,376,363,13
2023-01-06,4,76,48,28
2022-10-30,31,272,103,169
2022-11-27,17,246,52,194
2023-07-01,57,123,11,112
2023-01-18,10,350,147,203
2023-08-11,17,217,102,115
2021-10-25,41,444,394,50
2022-05-24,190,336,26,310
2021-10-07,18,423,318,105
2023-01-20,5,152,114,38
2021-12-24,18,100,32,68
2022-08-11,57,360,337,23
2022-05-18,17,275,160,115
2022-02-20,260,314,301,13
2022-07-18,44,418,269,149
2022-06-10,60,310,128,182
2022-04-05,8,61,25,36
2021-12-13,24,374,28,346
2022-12-19,43,115,30,85
2023-09-18,86,279,46,233
2022-07-16,22,294,269,25
2023-03-18,95,149,109,40
2023-09-20,11,374,50,324
2022-12-05,261,364,338,26
2023-03-05,136,159,31,128
2022-04-25,39,461,358,103
2022-08-06,65,270,139,131
2022-08-06,123,414,279,135
2022-09-19,4,224,83,141
2023-01-22,225,439,179,260
2022-09-16,13,199,66,133
2023-09-08,47,100,45,55
2023-09-26,17,135,30,105
2023-01-26,57,241,7,234
2021-10-19,43,98,49,49
2022-09-21,105,194,77,117
2023-01-28,62,270,161,109
2022-12-30,7,282,175,107
2022-12-05,15,311,258,53
2023-03-08,4,136,73,63
2023-02-19,107,391,168,223
2023-07-14,17,480,7,473
2023-01-27,39,420,246,174
2023-06-04,3,458,284,174
2021-10-03,29,183,144,39
2022-07-01,43,425,51,374
2022-11-11,5,372,95,277
2023-01-02,5,423,49,374
2023-05-29,131,454,284,170
2022-05-24,93,410,217,193
2023-08-13,72,351,48,303
2023-09-09,5,390,229,161
2023-08-07,27,77,75,2
2023-04-17,37,62,3,59
2022-12-06,4,118,1,117
2021-11-02,77,125,7,118
2023-06-14,43,405,247,158
2021-10-21,11,151,36,115
2021-09-30,27,269,121,148
2023-06-04,56,376,234,142
2022-06-14,29,427,231,196
2022-07-08,60,245,26,219
2022-07-01,44,80,5,75
2022-01-10,15,143,79,64
2023-07-20,11,309,227,82
2022-06-03,249,102,60,42
2021-12-15,39,224,150,74
2023-05-12,94,290,208,82
2022-05-21,133,348,101,247
2022-03-11,5,264,76,188
2022-04-28,5,340,5,335
2022-09-05,60,352,162,190
2021-12-25,94,421,202,219
2021-12-18,75,64,57,7
2023-09-06,29,201,116,85
2023-03-27,11,473,72,401
2022-03-10,27,134,10,124
2022-08-06,26,341,257,84
2022-09-10,262,326,278,48
2022-03-27,112,250,217,33
2022-05-11,24,159,18,141
2023-02-15,17,299,109,190
2023-06-28,185,414,20,394
2021-10-03,56,211,15,196
2023-03-07,11,385,33,352
2022-10-23,19,218,182,36
2022-04-14,42,113,95,18
2022-08-20,26,93,47,46
2023-06-10,114,103,16,87
2023-07-29,44,53,17,36
2022-07-14,5,337,128,209
2022-04-01,90,444,363,81
2023-05-30,60,143,133,10
2022-07-06,133,286,73,213
2022-08-13,54,458,400,58
2023-06-28,24,282,99,183
2021-11-18,17,444,13,431
2023-02-24,27,70,52,18
2022-01-02,29,309,3,306
2023-06-08,56,102,53,49
2023-04-20,1,346,57,289
2022-07-25,136,471,259,212
2021-11-02,56,457,165,292
2022-01-02,22,177,32,145
2021-10-10,56,434,417,17
2023-02-17,160,140,118,22
2022-04-07,113,444,257,187
2022-04-02,60,132,39,93
2022-09-08,22,88,77,11
2021-11-05,44,303,204,99
2022-07-18,17,476,319,157
2022-06-14,39,115,46,69
2022-11-08,11,145,95,50
2022-09-21,187,148,63,85
2022-01-18,44,207,126,81
2022-03-22,8,352,81,271
2022-09-24,94,203,127,76
2021-10-19,118,228,67,161
2023-04-18,125,181,24,157
2022-02-11,10,194,42,152
2022-04-14,61,408,401,7
2022-04-09,80,242,238,4
2022-09-23,124,422,286,136
2021-12-18,15,208,173,35
2022-02-22,18,417,382,35
2021-11-19,56,368,318,50
2022-05-30,170,130,64,66
2022-06-08,191,479,38,441
2023-04-03,8,457,147,310
2023-06-01,190,135,79,56
2023-01-11,53,61,7,54
2022-09-04,26,226,163,63
2022-01-15,48,338,233,105
2022-05-02,5,142,68,74
2023-05-07,5,149,9,140
2023-08-21,120,451,187,264
2023-03-07,147,233,189,44
2021-10-24,3,179,9,170
2022-12-08,76,181,175,6
2023-05-25,52,168,127,41
2022-07-05,18,330,49,281
2022-02-05,103,463,30,433
2023-08-29,19,305,258,47
2023-09-28,9,187,101,86
2023-02-24,16,224,21,203
2022-02-17,53,488,34,454
2022-09-29,6,386,117,269
2022-04-01,29,68,57,11
2021-11-04,13,230,117,113
2023-05-07,203,276,105,171
2023-02-11,56,61,12,49
2022-04-19,17,260,8,252
2023-01-11,8,446,64,382
2022-04-07,86,393,275,118
2021-10-10,45,185,106,79
2021-12-22,29,479,199,280
2021-10-30,67,228,155,73
2023-02-06,13,211,56,155
2022-05-13,32,95,59,36
2021-10-03,19,499,410,89
2023-03-23,128,490,381,109
2022-08-10,18,244,57,187
2023-02-15,13,376,209,167
2023-08-09,43,352,132,220
2023-04-24,56,132,86,46
2022-11-01,24,62,27,35
2023-08-17,48,104,57,47
2022-10-14,4,489,444,45
2021-11-20,27,376,90,286
2022-04-24,131,432,218,214
2023-06-23,13,463,246,217
2023-09-07,43,344,175,169
2023-09-12,83,156,154,2
2022-06-30,24,287,75,212
2022-10-17,17,290,51,239
2022-07-18,145,323,127,196
2022-10-10,125,318,47,271
2022-06-12,129,394,206,188
2023-08-08,43,422,395,27
2022-01-22,63,417,84,333
2022-05-04,22,363,27,336
2022-11-20,62,130,26,104
2021-11-15,52,443,62,381
2023-01-18,27,325,307,18
2022-02-20,15,233,178,55
2022-04-04,138,335,192,143
2023-09-10,13,476,59,417
2022-11-12,43,110,32,78
2022-11-24,120,343,279,64
2023-01-17,57,299,242,57
2022-05-19,89,50,6,44
2023-03-10,10,166,99,67
2023-03-15,85,216,132,84
2021-10-01,166,481,152,329
2022-01-22,15,432,412,20
2022-01-03,129,312,128,184
2022-11-12,45,316,197,119
2023-03-10,4,57,17,40
2023-03-01,60,313,117,196
2022-07-06,56,69,28,41
2023-02-02,57,117,97,20
2022-04-12,24,261,105,156
2022-10-12,112,472,28,444
2022-08-09,47,107,82,25
2022-01-09,56,167,134,33
2022-06-29,18,353,137,216
2022-12-19,19,123,56,67
2023-04-12,263,354,235,119
2021-11-25,90,172,133,39
2022-10-26,93,403,319,84
2023-04-07,27,280,249,31
2023-04-06,5,448,373,75
2022-08-24,39,302,9,293
2023-09-09,7,496,401,95
2022-03-20,29,330,250,80
2023-09-07,57,236,134,102
2023-07-09,23,145,142,3
2022-12-19,56,258,49,209
2021-11-30,57,175,81,94
2022-06-01,147,398,388,10
2023-01-22,11,61,52,9
2022-11-25,60,268,140,128
2023-09-15,8,144,133,11
2022-02-26,39,107,104,3
2023-03-25,22,442,36,406
2023-05-22,5,319,6,313
2021-11-21,27,500,143,357
2023-09-22,60,222,219,3
2022-05-20,17,185,39,146
2023-02-17,2,421,47,374
2022-02-18,8,120,17,103
2022-11-04,68,222,125,97
2022-12-27,22,271,215,56
2022-05-13,8,460,330,130
2022-01-15,119,485,3,482
2023-06-06,77,495,208,287
2023-08-23,61,242,233,9
2022-04-15,5,367,278,89
2022-04-19,25,227,164,63
2021-10-19,56,228,210,18
2021-11-18,15,126,71,55
2022-05-12,143,63,25,38
2022-07-26,29,334,4,330
2022-11-08,64,131,108,23
2023-07-14,131,373,303,70
2023-07-31,15,257,114,143
2022-06-14,18,269,33,236
2021-12-14,44,109,93,16
2022-07-23,22,269,33,236
2022-09-03,136,251,161,90
2023-07-17,101,261,139,122
2023-08-24,63,460,393,67
2023-09-26,60,474,293,181
2023-06-30,43,343,68,275
2023-02-08,26,218,7,211
2022-01-20,56,187,11,176
2022-09-14,11,69,45,24
2023-04-17,1,265,244,21
2022-08-05,44,384,124,260
2023-08-10,38,343,220,123
2022-12-24,264,85,23,62
2023-09-22,60,210,105,105
2023-09-21,145,346,40,306
2022-01-31,60,164,81,83
2021-10-18,210,104,6,98
2022-04-20,19,342,128,214
2022-01-11,17,100,12,88
2022-07-21,57,327,53,274
2023-06-20,114,476,99,377
2022-04-19,38,454,210,244
2022-05-22,101,281,70,211
2022-07-25,98,418,378,40
2023-09-05,43,124,100,24
2021-10-16,94,249,12,237
2022-04-22,27,213,80,133
2022-12-14,29,72,27,45
2023-03-31,238,351,181,170
2022-11-06,44,362,108,254
2023-08-08,5,283,3,280
2023-07-24,80,301,256,45
2023-01-02,17,473,202,271
2022-04-18,13,149,113,36
2022-07-28,57,64,38,26
2022-06-30,51,469,43,426
2023-03-22,11,417,305,112
2023-01-08,15,117,32,85
2022-08-06,14,187,24,163
2022-08-04,56,427,395,32
2023-08-19,44,219,60,159
2021-12-01,86,435,173,262
2022-03-29,5,432,260,172
2022-10-24,84,276,218,58
2022-04-30,122,173,160,13
2023-07-10,25,400,288,112
2023-05-07,17,328,40,288
2021-10-31,15,492,459,33
2022-03-13,8,150,27,123
2022-02-08,102,96,54,42
2023-04-23,24,226,168,58
2022-08-16,41,325,97,228
2022-12-17,75,346,289,57
2022-08-07,123,388,53,335
2021-10-01,19,384,227,157
2022-04-17,8,224,172,52
2023-02-13,252,279,88,191
2023-07-02,22,328,204,124
2022-08-21,22,178,138,40
2022-01-31,17,180,117,63
2022-08-14,19,105,61,44
2022-08-14,6,323,184,139
2021-11-03,47,51,34,17
2022-09-21,4,293,142,151
2022-05-29,187,493,107,386
2023-09-09,71,281,3,278
2023-02-12,1,68,32,36
2023-02-10,114,409,335,74
2023-01-21,151,297,43,254
2022-04-10,17,166,97,69
2022-11-06,4,76,18,58
2022-04-17,56,460,302,158
2022-10-03,11,363,108,255
2022-11-05,84,210,147,63
2022-10-10,26,409,121,288
2023-01-17,113,286,118,168
2022-08-28,57,388,365,23
2023-05-10,33,352,178,174
2022-01-07,39,440,141,299
2022-10-24,4,271,204,67
2022-06-22,265,347,103,244
2021-10-30,79,108,69,39
2022-04-25,138,215,120,95
2022-10-04,15,118,22,96
2023-07-12,24,497,68,429
2021-12-09,18,373,145,228
2023-03-31,49,476,380,96
2022-12-02,13,350,48,302
2023-06-18,52,62,11,51
2022-11-04,150,218,80,138
2023-05-30,181,247,103,144
2023-06-18,43,436,319,117
2021-10-20,45,181,141,40
2021-12-05,17,183,117,66
2023-09-16,22,366,163,203
2023-06-07,63,499,127,372
2022-03-02,161,319,110,209
2022-09-07,29,52,3,49
2022-09-07,111,125,119,6
2023-03-04,117,200,98,102
2023-09-22,22,481,223,258
2022-06-02,11,73,9,64
2023-07-22,29,72,5,67
2022-12-18,12,351,349,2
2023-04-14,3,115,50,65
2022-10-03,3,354,137,217
2021-10-12,44,74,74,0
2023-06-21,82,449,35,414
2022-02-21,88,488,274,214
2022-02-28,24,433,362,71
2023-06-07,145,456,241,215
2022-10-12,165,73,54,19
2022-08-26,113,225,102,123
2021-12-06,103,158,117,41
2023-08-12,12,347,102,245
2023-01-22,94,369,75,294
2021-12-20,126,458,440,18
2022-11-27,8,430,312,118
2022-04-10,63,364,353,11
2022-02-07,19,356,46,310
2022-05-13,22,100,41,59
2022-06-25,56,265,161,104
2022-05-03,80,445,178,267
2022-11-14,11,350,129,221
2022-01-09,39,181,20,161
2022-04-10,29,430,352,78
2023-06-02,11,185,151,34
2022-05-01,9,162,123,39
2023-02-24,57,193,112,81
2021-10-14,4,55,17,38
2022-11-08,39,459,353,106
2022-03-14,39,447,348,99
2022-11-16,185,69,65,4
2022-10-28,99,240,54,186
2023-01-30,15,121,110,11
2023-01-04,57,108,41,67
2023-08-02,56,111,14,97
2022-04-22,150,349,246,103
2022-03-31,8,108,65,43
2023-09-20,4,191,171,20
2022-12-12,103,136,21,115
2022-03-30,153,232,133,99
2023-08-07,124,223,136,87
2021-11-23,2,384,339,45
2023-08-18,18,172,156,16
2022-10-16,9,309,99,210
2021-11-14,48,213,85,128
2023-04-01,17,392,58,334
2023-05-01,39,127,88,39
2022-10-03,17,274,74,200
2022-09-13,265,477,127,350
2022-06-10,27,332,199,133
2023-09-20,60,165,116,49
2023-02-07,19,228,201,27
2023-04-14,8,164,45,119
2022-05-26,18,397,62,335
2023-08-23,68,305,55,250
2022-05-30,39,475,334,141
2022-06-10,17,227,23,204
2022-08-02,11,359,323,36
2022-10-29,13,192,118,74
2023-02-25,27,228,134,94
2022-07-03,185,94,17,77
2021-11-09,19,298,116,182
2022-03-06,152,413,234,179
2022-02-16,56,56,17,39
2022-03-28,41,222,206,16
2023-09-05,39,255,140,115
2023-02-18,39,290,101,189
2022-11-15,18,396,66,330
2022-12-06,11,185,168,17
2021-11-30,90,84,75,9
2022-10-15,97,254,168,86
2022-02-09,15,349,235,114
2022-11-28,7,71,39,32
2023-03-05,57,101,40,61
2023-02-24,61,63,49,14
2022-04-17,11,277,59,218
2023-01-28,51,70,51,19
2022-12-19,101,240,21,219
2023-04-18,116,447,327,120
2022-12-24,42,185,25,160
2022-07-07,161,307,158,149
2023-03-30,29,493,112,381
2022-10-04,5,168,123,45
2023-03-26,57,445,204,241
2023-07-17,5,412,395,17
2022-10-11,266,82,5,77
2022-04-21,44,250,198,52
2021-10-08,85,281,173,108
2023-09-18,1,267,241,26
2023-09-14,153,321,76,245
2023-05-10,27,71,38,33
2023-01-27,25,150,109,41
2021-11-05,8,406,333,73
2023-05-27,60,452,404,48
2023-03-20,11,471,393,78
2022-01-20,19,315,71,244
2022-03-16,87,134,8,126
2022-03-04,19,464,454,10
2022-07-04,123,69,65,4
2022-06-03,24,69,13,56
2022-09-28,22,341,13,328
2023-04-08,90,241,139,102
2022-05-23,24,236,146,90
2023-04-09,220,393,216,177
2022-03-17,18,156,110,46
2021-10-17,2,127,98,29
2022-06-29,94,81,2,79
2023-09-27,13,211,98,113
2023-01-25,22,223,41,182
2023-07-18,7,492,170,322
2022-11-22,13,119,82,37
2022-05-13,24,161,80,81
2022-01-22,44,190,132,58
2021-10-02,36,365,321,44
2023-04-11,19,217,167,50
2023-09-06,31,382,295,87
2021-10-01,57,430,347,83
2023-01-10,56,74,32,42
2022-12-05,4,284,200,84
2022-03-16,41,95,61,34
2022-04-12,101,72,58,14
2021-11-01,8,396,260,136
2023-08-20,84,411,343,68
2022-09-12,53,354,170,184
2022-04-27,27,472,390,82
2023-08-03,50,52,21,31
2023-04-05,120,261,77,184
2022-12-07,196,451,393,58
2023-01-22,27,262,46,216
2023-04-17,26,347,232,115
2022-07-16,267,483,107,376
2022-03-29,13,108,51,57
2022-10-31,24,151,61,90
2022-12-26,17,122,98,24
2023-05-07,39,461,394,67
2023-05-29,82,416,255,161
2023-09-15,53,116,116,0
2022-12-02,29,265,173,92
2023-01-25,27,404,141,263
2022-06-11,5,330,282,48
2022-07-06,19,421,73,348
2022-05-16,204,471,251,220
2023-09-10,19,368,141,227
2022-02-18,171,494,259,235
2022-07-12,85,367,187,180
2022-06-28,43,131,23,108
2023-06-29,5,161,20,141
2022-02-05,97,276,72,204
2023-08-07,268,426,376,50
2021-10-02,27,245,179,66
2023-05-21,17,472,73,399
2023-04-24,19,202,42,160
2022-05-17,128,171,71,100
2023-08-14,102,487,151,336
2023-03-12,29,221,8,213
2022-12-19,85,138,69,69
2023-07-13,43,479,23,456
2022-05-28,56,109,98,11
2022-04-29,57,105,56,49
2023-03-29,63,200,48,152
2021-09-30,26,405,320,85
2023-07-23,12,58,24,34
2023-07-17,52,288,16,272
2023-05-22,57,429,347,82
2023-06-07,17,363,264,99
2021-12-12,181,364,65,299
2023-07-24,60,397,294,103
2023-02-17,60,301,54,247
2021-10-12,102,50,50,0
2023-05-25,27,472,222,250
2022-04-14,11,229,2,227
2023-09-08,135,255,171,84
2022-02-18,19,338,111,227
2023-05-07,64,259,67,192
2023-08-17,43,177,33,144
2023-02-05,43,456,60,396
2022-01-05,87,356,97,259
2022-03-11,26,465,265,200
2023-07-24,150,324,182,142
2022-07-28,143,470,293,177
2022-11-02,90,77,56,21
2022-12-23,56,378,122,256
2023-03-28,43,200,15,185
2023-07-24,111,404,402,2
2022-04-09,89,492,282,210
2022-06-05,112,295,79,216
2023-02-16,21,441,229,212
2023-09-10,105,342,174,168
2022-07-29,5,367,132,235
2022-05-30,27,189,187,2
2021-12-17,39,220,118,102
2022-08-17,44,153,49,104
2023-06-21,114,141,133,8
2022-06-11,44,162,18,144
2023-01-14,29,465,95,370
2021-12-06,60,448,184,264
2022-03-22,27,421,210,211
2021-11-13,28,380,285,95
2022-01-18,83,176,157,19
2022-05-06,80,317,84,233
2022-01-10,49,60,30,30
2023-04-02,13,207,136,71
2021-10-24,269,213,67,146
2022-07-31,26,85,23,62
2022-09-25,270,460,147,313
2022-05-18,13,135,91,44
2023-08-17,45,146,113,33
2022-06-06,22,69,51,18
2022-01-07,24,478,320,158
2022-03-27,5,317,160,157
2023-06-17,204,50,41,9
2022-03-07,28,254,96,158
2023-04-30,67,108,14,94
2023-07-20,3,52,51,1
2022-09-08,118,53,24,29
2022-05-30,103,171,97,74
2022-01-10,78,347,235,112
2023-01-04,84,290,266,24
2021-11-04,24,92,22,70
2022-03-10,57,295,181,114
2022-08-02,132,438,99,339
2022-12-21,24,74,39,35
2022-11-25,98,233,188,45
2023-09-18,39,255,98,157
2021-11-16,5,101,5,96
2022-04-11,24,96,96,0
2022-06-06,56,391,243,148
2023-02-22,13,256,165,91
2022-04-23,113,70,30,40
2021-10-09,89,432,53,379
2023-03-19,19,312,12,300
2022-09-29,81,386,247,139
2022-09-16,196,410,230,180
2021-11-07,22,217,82,135
2023-03-15,17,443,442,1
2021-11-05,46,228,39,189
2022-11-13,29,454,243,211
2022-01-19,15,385,205,180
2022-10-25,17,125,116,9
2022-08-27,162,473,317,156
2022-06-04,17,370,15,355
2022-08-03,19,217,118,99
2022-04-19,77,409,31,378
2023-08-18,32,163,81,82
2022-04-29,18,51,25,26
2022-11-05,24,142,138,4
2021-11-21,83,452,347,105
2023-09-25,27,366,125,241
2023-07-01,15,200,69,131
2023-02-25,102,246,61,185
2023-09-09,29,286,261,25
2023-05-29,8,418,102,316
2022-02-02,159,100,44,56
2022-06-07,5,121,68,53
2021-10-27,33,279,96,183
2022-11-01,8,170,77,93
2022-12-10,5,492,376,116
2021-11-30,4,52,52,0
2023-02-24,242,372,115,257
2023-01-01,49,341,30,311
2022-04-13,43,130,2,128
2023-01-12,44,92,54,38
2023-06-29,45,252,240,12
2022-03-10,93,275,250,25
2022-05-03,19,409,146,263
2022-09-13,44,359,74,285
2023-06-21,162,434,106,328
2022-03-28,94,317,90,227
2022-11-21,24,397,162,235
2022-06-30,22,230,129,101
2022-11-20,60,109,28,81
2023-04-23,99,337,269,68
2022-01-09,59,496,421,75
2022-05-16,34,405,52,353
2023-04-04,59,328,104,224
2023-02-20,8,291,58,233
2022-12-18,19,308,100,208
2022-06-30,5,433,25,408
2022-04-05,56,464,421,43
2022-10-26,271,401,72,329
2022-11-27,54,462,376,86
2023-04-04,146,325,194,131
2023-07-05,163,197,73,124
2023-03-08,176,487,213,274
2021-10-02,223,173,88,85
2022-12-28,24,339,4,335
2022-09-05,39,335,127,208
2023-07-29,112,432,265,167
2022-05-29,53,334,128,206
2022-10-15,13,51,10,41
2023-06-12,19,200,186,14
2022-07-22,211,226,224,2
2022-10-17,5,437,302,135
2022-03-01,9,304,7,297
2022-06-02,22,313,276,37
2022-12-26,4,186,69,117
2023-09-13,24,175,22,153
2021-11-20,27,143,7,136
2023-08-04,24,235,44,191
2021-12-05,67,106,58,48
2023-03-15,19,334,138,196
2022-10-29,91,341,160,181
2021-11-01,127,146,7,139
2023-05-08,41,318,97,221
2023-01-10,13,336,144,192
2022-10-17,26,409,83,326
2022-07-20,189,105,60,45
2022-10-28,60,343,262,81
2022-01-09,65,219,124,95
2022-11-05,209,375,238,137
2023-03-01,3,357,316,41
2022-11-27,57,143,7,136
2023-01-19,43,273,35,238
2023-09-28,29,276,222,54
2022-03-06,18,91,53,38
2022-06-07,27,233,118,115
2021-11-11,26,138,62,76
2023-03-31,24,111,12,99
2021-11-27,134,112,49,63
2022-05-04,187,465,174,291
2023-01-28,44,337,315,22
2023-07-25,5,140,76,64
2022-11-24,11,439,273,166
2023-02-04,12,398,233,165
2022-10-27,27,427,216,211
2022-11-22,84,403,272,131
2023-08-07,75,351,342,9
2022-02-03,22,330,279,51
2023-09-21,65,423,211,212
2022-11-05,26,150,66,84
2023-09-24,13,386,175,211
2022-10-18,22,97,87,10
2023-03-14,45,124,4,120
2023-07-30,57,358,58,300
2021-10-19,39,322,130,192
2021-12-25,30,266,176,90
2022-11-26,22,98,68,30
2021-11-16,5,185,60,125
2023-01-10,57,125,32,93
2023-06-30,19,60,56,4
2022-12-03,181,216,55,161
2022-10-10,60,399,7,392
2023-05-26,5,407,157,250
2022-03-17,61,111,69,42
2022-07-18,24,328,168,160
2022-03-15,26,103,10,93
2021-11-11,6,98,34,64
2023-07-09,124,347,265,82
2022-08-20,57,170,67,103
2023-01-08,26,203,124,79
2022-12-04,24,184,75,109
2023-08-25,162,158,141,17
2023-04-05,5,258,25,233
2022-09-20,17,123,110,13
2023-02-07,121,73,10,63
2022-11-12,18,145,115,30
2021-12-20,11,166,158,8
2023-04-07,56,120,107,13
2023-07-19,112,220,66,154
2023-06-26,17,61,48,13
2021-11-08,57,241,134,107
2022-03-27,185,480,338,142
2022-09-19,43,466,421,45
2023-05-17,89,405,346,59
2021-11-27,173,393,309,84
2021-10-09,22,281,167,114
2022-04-15,181,456,40,416
2023-09-15,13,432,194,238
2022-05-26,57,421,169,252
2023-03-29,7,401,16,385
2021-12-07,33,105,96,9
2022-07-28,134,355,346,9
2022-01-29,22,422,378,44
2022-05-25,52,192,125,67
2023-01-19,72,471,62,409
2022-07-01,56,325,244,81
2022-05-18,11,147,123,24
2022-04-09,196,494,268,226
2022-06-27,81,270,183,87
2021-11-03,97,276,226,50
2021-12-07,102,398,262,136
2022-04-26,13,149,105,44
2023-02-28,8,139,45,94
2022-11-17,83,163,143,20
2023-05-31,118,366,282,84
2022-03-19,13,405,382,23
2023-05-04,18,128,57,71
2021-11-16,19,475,335,140
2022-01-25,5,321,47,274
2023-05-23,60,202,67,135
2021-11-04,11,428,355,73
2023-05-15,13,261,152,109
2022-09-23,15,129,42,87
2022-10-21,29,280,100,180
2022-11-17,5,221,71,150
2022-04-01,22,66,31,35
2023-07-04,210,69,47,22
2023-08-07,60,435,77,358
2021-12-13,5,349,200,149
2022-09-14,56,308,23,285
2022-05-21,27,271,83,188
2023-07-10,132,177,130,47
2023-03-07,27,485,1,484
2022-08-11,28,378,186,192
2023-08-22,56,187,48,139
2023-07-07,29,347,68,279
2022-05-17,35,399,324,75
2021-12-25,13,454,66,388
2023-03-26,4,124,105,19
2022-06-15,272,343,188,155
2023-05-19,61,267,121,146
2023-06-19,113,379,99,280
2022-05-21,13,164,114,50
2022-03-17,116,153,47,106
2022-10-25,34,178,55,123
2022-07-22,27,222,31,191
2022-04-16,11,282,274,8
2023-06-11,161,463,113,350
2023-06-15,24,281,130,151
2022-01-29,43,307,190,117
2021-11-08,72,176,80,96
2022-06-22,22,53,19,34
2023-07-16,11,229,21,208
2022-10-13,29,304,246,58
2022-06-26,57,72,1,71
2022-07-29,33,355,301,54
2022-09-13,8,481,384,97
2022-10-29,62,263,204,59
2022-05-07,114,217,36,181
2022-06-08,26,216,190,26
2022-06-23,11,157,122,35
2022-10-05,22,70,12,58
2023-08-17,10,276,209,67
2022-02-07,8,140,4,136
2022-05-21,5,120,93,27
2023-03-24,72,486,77,409
2022-01-16,60,378,364,14
2022-02-14,49,96,59,37
2023-07-07,26,61,11,50
2023-02-04,22,442,335,107
2023-06-09,56,75,13,62
2023-02-25,68,417,130,287
2021-10-02,18,112,87,25
2022-08-06,19,108,49,59
2022-07-25,44,248,36,212
2021-10-19,19,50,50,0
2022-03-19,15,350,125,225
2023-08-20,60,164,73,91
2023-04-04,75,254,253,1
2022-02-19,162,472,73,399
2023-08-19,122,351,197,154
2022-01-01,81,150,71,79
2023-03-21,138,367,233,134
2022-05-27,89,80,46,34
2023-05-06,8,114,101,13
2021-11-14,17,439,249,190
2023-06-27,17,239,71,168
2022-01-19,43,348,241,107
2023-06-23,56,428,84,344
2023-08-18,56,285,283,2
2022-10-14,77,435,367,68
2023-09-20,11,249,99,150
2021-10-01,15,500,214,286
2022-03-18,39,348,242,106
2022-09-23,4,200,23,177
2023-05-06,50,329,163,166
2021-12-20,19,252,56,196
2023-02-28,13,336,240,96
2022-02-06,10,223,21,202
2022-10-02,4,163,77,86
2022-03-04,17,211,20,191
2022-10-04,103,466,326,140
2022-03-23,167,372,361,11
2022-09-25,3,320,291,29
2023-06-01,111,195,138,57
2022-06-06,27,89,38,51
2022-02-06,42,231,11,220
2023-03-14,12,139,99,40
2021-11-23,27,362,136,226
2022-03-12,17,338,233,105
2021-10-04,43,72,61,11
2023-03-12,13,415,130,285
2023-07-04,126,230,182,48
2021-12-17,56,290,43,247
2023-04-15,44,73,26,47
2022-06-01,13,232,124,108
2022-05-15,47,172,94,78
2023-05-16,17,481,182,299
2021-12-18,17,112,6,106
2022-09-22,43,497,376,121
2023-06-08,56,339,238,101
2022-02-16,71,112,26,86
2022-03-11,56,150,126,24
2023-07-19,2,312,96,216
2022-11-17,118,188,70,118
2022-11-15,39,433,58,375
2022-09-08,26,496,8,488
2023-06-22,27,206,147,59
2022-03-23,77,283,140,143
2023-06-22,13,182,33,149
2021-12-11,8,77,67,10
2022-07-23,19,434,299,135
2022-08-21,29,301,55,246
2023-01-27,187,478,321,157
2023-02-19,11,219,36,183
2023-08-05,81,106,12,94
2023-08-26,80,284,59,225
2023-04-23,5,268,213,55
2022-11-23,272,144,38,106
2021-12-29,39,79,36,43
2022-09-20,60,224,214,10
2023-03-01,129,281,16,265
2022-09-17,44,388,94,294
2023-07-03,18,480,287,193
2022-04-22,53,246,3,243
2022-08-14,220,434,358,76
2022-11-21,4,484,107,377
2022-11-30,73,366,92,274
2022-06-10,57,491,245,246
2022-06-12,59,258,144,114
2022-10-25,39,319,245,74
2022-06-10,15,68,58,10
2023-05-18,64,230,215,15
2023-07-29,43,407,397,10
2023-07-29,135,143,25,118
2023-01-21,17,383,117,266
2023-03-03,60,455,166,289
2022-01-17,85,328,89,239
2022-02-20,26,450,270,180
2023-06-16,92,477,176,301
2021-11-20,15,491,486,5
2022-08-21,15,208,193,15
2021-11-26,26,98,71,27
2023-07-23,273,158,45,113
2023-08-14,46,336,140,196
2022-05-10,18,193,103,90
2022-05-02,8,296,131,165
2022-04-19,56,481,76,405
2023-06-01,142,464,373,91
2023-03-08,42,334,283,51
2022-09-09,57,354,211,143
2022-12-20,11,76,38,38
2022-09-04,24,467,415,52
2022-02-10,89,65,39,26
2023-03-28,29,356,279,77
2023-04-29,136,455,402,53
2023-09-18,63,324,66,258
2023-08-13,90,357,144,213
2023-03-13,86,165,90,75
2022-11-07,24,280,152,128
2021-12-09,39,386,157,229
2022-06-22,34,306,3,303
2022-03-23,56,175,15,160
2022-11-23,273,226,87,139
2023-07-29,101,436,174,262
2023-07-15,273,326,302,24
2022-04-08,17,182,31,151
2022-09-16,57,419,392,27
2021-10-28,22,307,102,205
2022-07-07,30,268,185,83
2022-08-06,120,418,340,78
2022-04-27,13,225,44,181
2022-07-28,118,480,251,229
2022-03-27,3,431,72,359
2022-11-22,44,157,43,114
2022-04-25,233,294,168,126
2023-07-15,18,318,6,312
2023-09-02,26,429,360,69
2021-11-22,86,196,127,69
2022-05-10,64,384,297,87
2023-06-03,161,158,125,33
2023-06-26,29,200,191,9
2021-11-18,39,70,55,15
2022-04-24,140,462,443,19
2023-02-07,9,444,211,233
2023-05-31,15,476,105,371
2023-03-30,39,371,189,182
2022-07-27,128,378,240,138
2023-06-21,165,248,4,244
2022-02-14,19,415,412,3
2023-08-06,16,450,99,351
2021-10-13,15,61,57,4
2022-04-30,122,126,45,81
2023-02-01,274,427,272,155
2022-07-07,124,389,221,168
2021-11-24,122,397,106,291
2023-05-11,24,164,73,91
2021-12-09,5,139,32,107
2022-04-25,13,339,39,300
2022-12-12,11,70,62,8
2023-07-21,15,182,61,121
2022-11-04,132,302,103,199
2023-07-18,5,406,305,101
2022-11-09,112,93,18,75
2022-02-18,138,367,39,328
2021-09-29,126,113,90,23
2021-11-15,3,109,80,29
2023-03-25,15,287,260,27
2023-05-16,46,113,2,111
2023-09-09,11,373,192,181
2022-12-03,29,133,38,95
2022-10-06,13,181,49,132
2023-08-24,24,401,359,42
